          41           4         233           5         234           1
           1           5         235           9           7           5         233
           1           5         236          12           8           9         235
           1           5         237          29          58          12         236
           1           5         238          35          32          29         237
           1           5         239         119          38          35         238
           1           5         240         125         122         119         239
           1           5         241         128         124         125         240
           1           5         242         149         173         128         241
           1           5         243         154         152         149         242
          12           4         244         154         243           2
           4           6         234           5           7          13           6         245
           0           6          11          13           7           9           8          10
           0           6          58          31          28          10           8          12
           0           6          31          58          29          32          39          30
           0           6          37          39          32          35          38          34
           0           6         118         148          34          38         119         122
           0           6         127         129         118         122         125         124
           0           6         173         151         147         127         124         128
           0           6         151         173         149         152         157         150
           2           6         246         156         157         152         154         244
           4           4         245           6          14         247
           0           6          11          26          19          14           6          13
           0           6          24          26          11          10          28          33
           0           6          40          42          33          28          31          30
           0           6          37          36          55          40          30          39
           0           6         121          57          36          37          34         148
           0           6         121         148         118         129         130         120
           0           6         130         129         127         147         126         138
           0           6         150         158         153         126         147         151
           0           6         156         155         171         158         150         157
           2           4         248         155         156         246
           4           6         247          14          19          25          17         249
           0           6          19          26          24          18          21          25
           0           6          41          46          18          24          33          42
           0           6          48          45          41          42          40          55
           0           6          47          48          55          36          57          53
           0           6         120         145         123          53          57         121
           0           6         144         145         120         130         138         137
           0           6         143         137         138         126         153         160
           0           6         171         166         163         160         153         158
           2           6         250         165         166         171         155         248
           4           4         249          17          15         251
           0           6          21          20          23          15          17          25
           0           6          44          22          20          21          18          46
           0           6          44          46          41          45          54          43
           0           6          50          49          54          45          48          47
           0           6         132         117          50          47          53         123
           0           6         145         144         140         135         132         123
           0           6         141         140         144         137         143         164
           0           6         159         164         143         160         163         170
           0           6         168         167         170         163         166         165
           2           4         252         168         165         250
           4           6         251          15          23          27          16         253
           0           6          70          27          23          20          22          56
           0           6          52         116          56          22          44          43
           0           6          59          97          52          43          54          49
           0           6          51          59          49          50         117         136
           0           6         134         136         117         132         135         131
           0           6         139         142         131         135         140         141
           0           6         159         162         161         139         141         164
           0           6         167         172         169         162         159         170
           2           6         254         216         172         167         168         252
           4           4         253          16          61         255
           0           6          70          65          63          61          16          27
           0           6          86          68          65          70          56         116
           0           6          92          89          86         116          52          97
           0           6          92          97          59          51          95          91
           0           6         134         133         232          95          51         136
           0           6         133         134         131         142         146         187
           0           6         182         146         142         139         161         174
           0           6         231         206         174         161         162         169
           0           6         211         209         231         169         172         216
           2           4         256         211         216         254
           4           6         255          61          63          69          60         257
           0           6          67          69          63          65          68          64
           0           6          85          90          64          68          86          89
           0           6          94          96          85          89          92          91
           0           6         232         176         114          94          91          95
           0           6         175         176         232         133         187         179
           0           6         186         179         187         146         182         181
           0           6         203         181         182         174         206         210
           0           6         231         209         215         205         210         206
           2           6         258         213         215         209         211         256
           4           4         257          60          62         259
           0           6          67          71          66          62          60          69
           0           6          90          88          84          71          67          64
           0           6          88          90          85          96          98          87
           0           6          98          96          94         114          93         113
           0           6         178         204          93         114         176         175
           0           6         184         177         178         175         179         186
           0           6         183         184         186         181         203         185
           0           6         208         230         185         203         210         205
           0           6         213         212         214         208         205         215
           2           4         260         212         213         258
           4           6         259          62          66          83          73         261
           0           6          82          83          66          71          84          77
           0           6         100         115          77          84          88          87
           0           6         113         106         103         100          87          98
           0           6         180         111         106         113          93         204
           0           6         180         204         178         177         188         190
           0           6         183         202         196         188         177         184
           0           6         207         200         202         183         185         230
           0           6         217         229         207         230         208         214
           2           6         262         225         217         214         212         260
           4           4         261          73          72         263
           0           6          83          82          76          75          72          73
           0           6          77         115         104          81          76          82
           0           6         103         112          99         104         115         100
           0           6         108         112         103         106         111         105
           0           6         189         194         105         111         180         190
           0           6         193         189         190         188         196         201
           0           6         202         200         219         195         201         196
           0           6         222         218         219         200         207         229
           0           6         228         222         229         217         225         224
           2           4         264         224         225         262
           4           6         263          72          75          79          74         265
           0           6          80          78          79          75          76          81
           0           6          99         102         101          80          81         104
           0           6         108         107         110         102          99         112
           0           6         192         109         107         108         105         194
           0           6         192         194         189         193         198         191
           0           6         199         197         198         193         201         195
           0           6         221         223         199         195         219         218
           0           6         227         220         221         218         222         228
           2           6         266         226         227         228         224         264
          34           4         265          74         267           3
           3           5         267          74          79          78         268
           3           5         268          78          80         101         269
           3           5         269         101         102         110         270
           3           5         270         110         107         109         271
           3           5         271         109         192         191         272
           3           5         272         191         198         197         273
           3           5         273         197         199         223         274
           3           5         274         223         221         220         275
           3           5         275         220         227         226         276
          23           4         276         226         266           4
