   4.2426406871160399E-008
   4.8405134690545045E-008
   5.5581397502314550E-008
   6.4195554579721457E-008
   7.4536395235039152E-008
   8.6951010710603857E-008
   1.0185670374387674E-007
   1.1975539210827757E-007
   1.4125105715928978E-007
   1.6707092176674222E-007
   1.9809121322693747E-007
   2.3536858795946249E-007
   2.8017858300824873E-007
   3.3406283805845167E-007
   3.9888733336123245E-007
   4.7691455847684674E-007
   5.7089342598660141E-007
   6.8417195793078457E-007
   8.2083941541618104E-007
   9.8590676648588556E-007
   1.1855373927952742E-006
   1.4273439711855841E-006
   1.7207728267401139E-006
   2.0776040546004832E-006
   2.5126046204337538E-006
   3.0443825711441379E-006
   3.6965031054219446E-006
   4.4989404664226409E-006
   5.4899510029327627E-006
   6.7184579484007970E-006
   8.2470308178396412E-006
   1.0155513323896377E-005
   1.2545295559510356E-005
   1.5544137609045973E-005
   1.9311347143581274E-005
   2.4043030681744654E-005
   2.9977129300731473E-005
   3.7398028763660545E-005
   2.8307057044180579E-005
   3.4442096846774693E-005
   4.1864542401161926E-005
   5.0836326064223872E-005
   4.4019437876708837E-005
   5.0897428341803485E-005
   5.9119529568777930E-005
   6.8930677482589294E-005
   8.0609636175601497E-005
   7.4519565620054777E-005
   8.3146242592608050E-005
   9.3361621197445713E-005
   1.0542593422848366E-004
   1.0048505862516052E-004
   1.0919421730979593E-004
   1.1948159604747635E-004
   1.3160459074145392E-004
   1.2740961810326341E-004
   1.3607850704124651E-004
   1.4632320617507434E-004
   1.5840917962839591E-004
   1.7264758145436559E-004
   2.5440437239950616E-003
   2.4518667266277537E-003
   2.3471479931915090E-003
   2.2294952102037066E-003
   2.0990773756602520E-003
   2.0254534756456322E-003
   1.9418877222426201E-003
   1.8481314292149431E-003
   1.7444205831133710E-003
   1.6350327233049810E-003
   1.5382435963054912E-003
   1.4521150158195791E-003
   1.3750944904768144E-003
   1.3059190085872223E-003
   1.6811843368760573E-003
   1.6010524781016671E-003
   1.5276797859949810E-003
   1.4603218729776063E-003
   1.3983392586785924E-003
   1.3411792338643043E-003
   1.2883614297355586E-003
   1.2394662220917164E-003
   1.3968601964825704E-003
   1.3441428137315338E-003
   1.2949423188908713E-003
   1.2489654016800409E-003
   1.2059495992551696E-003
   1.1656592882412814E-003
   1.2906206433220184E-003
   1.2465431194100755E-003
   1.2050404067221214E-003
   1.1659345694576843E-003
   1.1290628569658864E-003
   1.1892956661485928E-003
   1.1519817052999502E-003
   1.1166757271218466E-003
   1.0832527570639556E-003
   1.0515972577626431E-003
   1.0216022295370150E-003
   9.9316841326560837E-004
   9.6620358316160473E-004
   9.4062191836059015E-004
   1.0692741676523497E-003
   1.0377372171804775E-003
   1.0077624243396135E-003
   9.7926846528206021E-004
   9.5217860442707667E-004
   9.8548128387267479E-004
   9.5853632016359590E-004
   9.3286381552317213E-004
   9.0840108886178954E-004
   8.8508873482448242E-004
   8.6287041089761233E-004
   8.4169264341822116E-004
   9.1642978433057625E-004
   8.9296824488077902E-004
   8.7054279708265398E-004
   8.8176213537285899E-004
   8.5818720780760896E-004
   8.3571123069873848E-004
   8.6030274901669011E-004
   8.3804938091820247E-004
   8.1679836815452020E-004
   7.9650578310933419E-004
   8.2584629914528827E-004
   8.0600000184746529E-004
   8.1565353598972857E-004
   7.9560540945414237E-004
   7.7641429906440747E-004
   7.5804503440155815E-004
   7.4046372996006572E-004
   7.5942874883667283E-004
   7.4007313040656093E-004
   7.2160592741753811E-004
   7.4013044841751512E-004
   7.4632538811802334E-004
   7.2900667165214138E-004
   7.1239714684581223E-004
   6.9646975649356832E-004
   7.1719982555845272E-004
   7.0012494601232294E-004
   6.8377775933315646E-004
   6.6812940774726407E-004
   6.5315192961070095E-004
   7.0077521514667342E-004
   6.8475854065335655E-004
   6.8453297890060224E-004
   6.6874426172163848E-004
   6.5359998485379144E-004
   6.3907635488181179E-004
   6.2515022712067252E-004
   6.1179909260562142E-004
   6.3656738161914058E-004
   6.2165144529050269E-004
   6.0737729309174801E-004
   6.3827757212031274E-004
   6.2398390152499392E-004
   6.1025931463275294E-004
   6.1925153553803701E-004
   6.0505099353574943E-004
   5.9143594111802852E-004
   5.7838488841682831E-004
   5.6587688111597206E-004
   5.5389149614144676E-004
   5.4240883775432389E-004
   5.9131360322583039E-004
   5.8785077944787159E-004
   5.7468814939298839E-004
   5.6205310122676478E-004
   5.4992736558421033E-004
   5.3829305620010286E-004
   5.5180356841289240E-004
   5.3930261051261124E-004
   5.2732691648443874E-004
   5.1585692098117194E-004
   5.5432578885675405E-004
   5.4207362854535423E-004
   5.3030577731130388E-004
   5.3399392052404845E-004
   5.2208116881403434E-004
   5.1065361605542338E-004
   4.9969428108496245E-004
   4.8918652486618986E-004
   5.0732719048513820E-004
   5.2924453619367855E-004
   5.1744089971148650E-004
   5.1310543813053047E-004
   5.0173282921580329E-004
   4.9081432247816234E-004
   4.8033481674762105E-004
   4.8916667391931572E-004
   4.7817124403816847E-004
   4.6763114839245868E-004
   4.5753026934555892E-004
   4.4785280742024063E-004
   4.8804678229347301E-004
   4.7725585339207212E-004
   4.7928095076344947E-004
   4.6849208479158715E-004
   4.5813858801675174E-004
   4.4820597406170957E-004
   4.3867998227299209E-004
   4.5186577747790142E-004
   4.4153308413057775E-004
   4.6927202141321470E-004
   4.6483279343200427E-004
   4.5432316660873621E-004
   4.4423089780499343E-004
   4.3454274595131851E-004
   4.4136820986536118E-004
   4.3135654128816000E-004
   4.2175575893745970E-004
   4.1255196714313889E-004
   4.0373148827958251E-004
   4.4551078417564492E-004
   4.3539370165189816E-004
   4.3675166821794770E-004
   4.2671932460011745E-004
   4.1708926326447857E-004
   4.0784869453832550E-004
   4.1974588990331089E-004
   4.0988960571041491E-004
   4.0044062150968189E-004
   3.9138525548404875E-004
   4.2150811507250509E-004
   4.1718562557163267E-004
   4.0765332421534024E-004
   3.9850123763129702E-004
   4.0440490838200018E-004
   3.9504714630579109E-004
   3.8607084560268501E-004
   3.7746364089774045E-004
   3.7456264082562287E-004
   3.8388134516381933E-004
   4.0264722934993180E-004
   3.9336089528427493E-004
   3.9416988986546619E-004
   3.8502153454890133E-004
   3.8305034614997854E-004
   3.8682733107259660E-004
   3.8564052172473614E-004
   3.8482252193737228E-004
   3.8212900041170196E-004
   3.9255259121737508E-004
   3.8831354889879181E-004
   3.8050588799043694E-004
   3.8184470401715620E-004
   3.8310267168918433E-004
   3.8285039533684487E-004
   3.8454095463516085E-004
   3.8613259684803629E-004
   3.8762815705530989E-004
   3.8903052496190127E-004
   3.9034260987392888E-004
   3.8958878342036711E-004
   3.8696030514056895E-004
   3.8830246967451172E-004
   3.8402864721106790E-004
   3.8547615888918501E-004
   3.8684048057067934E-004
   3.8812389817291032E-004
   3.8629367711554008E-004
   3.8805492942234191E-004
   3.8971656759732669E-004
   3.9128139492455248E-004
   3.9275226265137337E-004
   3.9413206992557331E-004
   3.9542372433979067E-004
   3.9475244568387420E-004
   3.9230055226656673E-004
   3.9360824555325036E-004
   3.8959776971575906E-004
   3.9099629002068716E-004
   3.9231359938778743E-004
   3.8891343085202616E-004
   3.9075282480262785E-004
   3.9249155033401281E-004
   3.9413243333764084E-004
   3.9567833093746667E-004
   3.9713212226019992E-004
   3.9849669932142230E-004
   3.9790518849269605E-004
   3.9553689993167631E-004
   3.9690097370151275E-004
   3.9297691258602282E-004
   3.9441787703300681E-004
   3.9577706214220196E-004
   3.9080908324014280E-004
   3.9273380639797512E-004
   3.9455662639266257E-004
   3.9628033351287985E-004
   3.9790775434828801E-004
   3.9944174264875819E-004
   4.0088517030813703E-004
   4.0224091845633215E-004
   4.0173274986740593E-004
   3.9953147317398530E-004
   4.0087506629925501E-004
   3.9719239449410865E-004
   3.9860088408437351E-004
   3.9992905439811897E-004
   3.9503747327616841E-004
   3.9649558608336675E-004
   3.9787500560900898E-004
   3.9951914565056673E-004
   4.0113951135476876E-004
   4.0266772076563901E-004
   4.0410663552591786E-004
   4.0545912380432654E-004
   4.0503136602874462E-004
   4.0298630381599724E-004
   3.9939094592656333E-004
   4.0085586931881163E-004
   4.0223938672761324E-004
   3.9743598115631312E-004
   3.9893583774895262E-004
   4.0035621354516797E-004
   4.0169929859268063E-004
   4.0228765061810305E-004
   4.0390659676999339E-004
   4.0543441133068824E-004
   4.0687394393687867E-004
   4.0653441441687561E-004
   4.0457589659270032E-004
   4.0597854990049442E-004
   4.0259951307024760E-004
   4.0404501641380647E-004
   4.0541023139464963E-004
   4.0087918252162003E-004
   4.0234782213589582E-004
   4.0373817582198143E-004
   4.0293523110981373E-004
   4.0465090901853622E-004
   4.0627342696084755E-004
   4.0780560983860162E-004
   4.0925029605291954E-004
   4.0898849913536883E-004
   4.0717317963134630E-004
   4.0857166472388709E-004
   4.0539211530270876E-004
   4.0682425776507173E-004
   4.0237057598976829E-004
   4.0389446467073079E-004
   4.0533885082259395E-004
   4.0312070227545754E-004
   4.0493915821726150E-004
   4.0666226345127102E-004
   4.0829281092125006E-004
   4.0983361373001393E-004
   4.1128751940734714E-004
   4.1110048191355357E-004
   4.0941914253605702E-004
   4.0631765730620041E-004
   4.0782289709079581E-004
   4.0924705083105850E-004
   4.0503224566563860E-004
   4.0653721416314761E-004
   4.0796352087546327E-004
   4.0480111764441823E-004
   4.0663078009318721E-004
   4.0836551974222771E-004
   4.1000811674858010E-004
   4.1156139322384759E-004
   4.1302806939586120E-004
   4.1291322431676568E-004
   4.1135759603439165E-004
   4.0843529760583057E-004
   4.0993677932102635E-004
   4.0578994286984935E-004
   4.0736190832522961E-004
   4.0885360977244650E-004
   4.0425937299892349E-004
   4.0620164833584711E-004
   4.0804652033634694E-004
   4.0979672814980849E-004
   4.1145505076512715E-004
   4.1302423326809799E-004
   4.1450701525457359E-004
   4.1446210388144819E-004
   4.1302481503808000E-004
   4.1026892704169979E-004
   4.1177112305876111E-004
   4.0783547051593649E-004
   4.0939872854784244E-004
   4.1088223887955394E-004
   4.0596208641066855E-004
   4.0755474400377202E-004
   4.0921654923182474E-004
   4.1098575111798611E-004
   4.1266317093204116E-004
   4.1425146277384418E-004
   4.1575342132149054E-004
   4.1577649055541619E-004
   4.1445100365864823E-004
   4.1185018570836964E-004
   4.1335715589285070E-004
   4.0961630180086909E-004
   4.1117557598310356E-004
   4.1265547950193604E-004
   4.0796790343623817E-004
   4.0954665278215456E-004
   4.1104764779739087E-004
   4.1195746349060431E-004
   4.1365706949744426E-004
   4.1526747085855135E-004
   4.1679146277541441E-004
   4.1688085206334209E-004
   4.1566139041805124E-004
   4.1320559024592488E-004
   4.1472104973852027E-004
   4.1116050421783663E-004
   4.1272009597139749E-004
   4.1420056080993927E-004
   4.0972618959300841E-004
   4.1129593427221173E-004
   4.1278831332906357E-004
   4.1273262431257420E-004
   4.1445734622027762E-004
   4.1609266914553408E-004
   4.1764137549978503E-004
   4.1779569785041086E-004
   4.1667717256555110E-004
   4.1435748723546824E-004
   4.1588486075522490E-004
   4.1249180783097222E-004
   4.1405565801639043E-004
   4.0961777908978051E-004
   4.1126227085254793E-004
   4.1282748124056145E-004
   4.1431559314879154E-004
   4.1332869113291015E-004
   4.1508130516684034E-004
   4.1674420592301880E-004
   4.1832016308815715E-004
   4.1853828378189266E-004
   4.1751622317488525E-004
   4.1532476953342961E-004
   4.1686723684462808E-004
   4.1363033200734231E-004
   4.1520207354698473E-004
   4.1095374544596199E-004
   4.1259767100954492E-004
   4.1416244302944726E-004
   4.1188443238528556E-004
   4.1376037959856314E-004
   4.1554352079849742E-004
   4.1723652442657950E-004
   4.1884214732891041E-004
   4.1912315997729300E-004
   4.1819364122108738E-004
   4.1612343524015285E-004
   4.1768396632014978E-004
   4.1459315197204659E-004
   4.1617615123167582E-004
   4.1210344724950607E-004
   4.1375068525508846E-004
   4.1531878698981286E-004
   4.1213055183636146E-004
   4.1404002339022716E-004
   4.1585619657974655E-004
   4.1758170598428328E-004
   4.1921929522084568E-004
   4.1956248513242469E-004
   4.2135427935104748E-004
