   2.1032242311368153E-006
   2.5119811263427902E-006
   3.0024882516444200E-006
   3.5910951474051415E-006
   4.2974210394820968E-006
   5.1450086783527395E-006
   6.1621089028503357E-006
   7.3826220545013656E-006
   8.8472275851376981E-006
   1.0604739456835155E-005
   1.2713732435779492E-005
   1.5244493376552354E-005
   1.8281362376445874E-005
   2.1925541602637424E-005
   2.6298465079779075E-005
   3.1545841273386027E-005
   3.7842502512341093E-005
   4.5398221872762074E-005
   5.4464689935787584E-005
   6.5343881830488948E-005
   7.8398090350634245E-005
   9.4061955066855103E-005
   1.1285688184445303E-004
   1.3540832387396042E-004
   1.6246648634293595E-004
   1.9493112460702500E-004
   2.3388123278105075E-004
   2.8061056886482697E-004
   3.3667013666751537E-004
   4.0391894647527578E-004
   4.8458460745786031E-004
   5.8133556547785127E-004
   6.9736708744660210E-004
   8.3650339934546712E-004
   1.0033186916697967E-003
   1.2032799798273443E-003
   1.4429149898093963E-003
   1.7300082364998276E-003
   9.9419790146814389E-004
   1.1994896536125005E-003
   1.4454647431819839E-003
   1.7400847914915438E-003
   9.6997829590749764E-004
   1.1805115887214709E-003
   1.4327162988803481E-003
   1.7347253480157585E-003
   2.0962029541316402E-003
   1.1253952028785700E-003
   1.3830586393982040E-003
   1.6915179050685208E-003
   2.0605917092693460E-003
   1.0412715041204052E-003
   1.3040925964422950E-003
   1.6186333236097887E-003
   1.9948493218387756E-003
   9.2389849963219373E-004
   1.1915226484281590E-003
   1.5117090449110341E-003
   1.8945289850288280E-003
   2.3518613772542185E-003
   3.4967377232561288E-003
   3.7175192915253549E-003
   3.9867248108772574E-003
   4.3153960333776054E-003
   2.7548797263454517E-003
   2.9964450671232166E-003
   3.2892448911233936E-003
   3.6443895577759917E-003
   3.9423928680895719E-003
   3.5513437019038144E-003
   3.1779749467514612E-003
   2.8192218822551767E-003
   2.4725220444951289E-003
   2.1357513374591513E-003
   5.6022365627589341E-003
   5.1130038200571529E-003
   4.6422573156611200E-003
   4.1874599836513662E-003
   3.7464212833838062E-003
   3.3172370116993500E-003
   2.8982415810895131E-003
   2.4879697760099243E-003
   3.7901299920353715E-003
   3.3387894136089930E-003
   2.8960964269371405E-003
   2.4608444385576128E-003
   2.0319480127170761E-003
   1.6084270081175866E-003
   4.4844572830697368E-003
   3.9781854840498804E-003
   3.4798544964578701E-003
   2.9884421743178362E-003
   2.5030109881819685E-003
   5.2085759005849044E-003
   4.6557370005035834E-003
   4.1103859536403917E-003
   3.5715991369147538E-003
   3.0385201877728028E-003
   2.5103536298129287E-003
   1.9863592347127089E-003
   1.4658470249495343E-003
   9.4817283530952245E-004
   3.4860317994430301E-003
   4.3984767098107719E-003
   3.7952858219849625E-003
   3.1969521671371720E-003
   2.6027874325510753E-003
   4.9487635704576352E-003
   4.3057126223171168E-003
   3.6674874644991111E-003
   3.0334182512942770E-003
   2.4028711189495854E-003
   1.7752457786891704E-003
   1.1499733153292814E-003
   3.4063257234171473E-003
   2.7359604603845985E-003
   2.0684596422502529E-003
   4.2375914741581257E-003
   3.5260226238561670E-003
   2.8179108881770218E-003
   4.9375805915171144E-003
   4.1891339115746563E-003
   3.4444828667987552E-003
   2.7030356573997873E-003
   3.3590517212672005E-003
   2.6019412886296276E-003
   4.6402497245947886E-003
   3.8463131947084409E-003
   3.0554773343500984E-003
   2.2671856617679448E-003
   1.4809047069879260E-003
   3.4161179648594668E-003
   2.5927391892499297E-003
   1.7716962557311824E-003
   3.6575605174382461E-003
   5.5271002044574675E-003
   4.6386183716122702E-003
   3.7535111163049897E-003
   2.8712046177055283E-003
   4.6942712946190981E-003
   3.7808634648774046E-003
   2.8701568652276313E-003
   1.9616002298287745E-003
   1.0546627070336381E-003
   1.5053703428166564E-003
   3.2204933520141089E-003
   4.9617675123272819E-003
   6.6296294093356406E-003
   5.6141633429749515E-003
   4.6023401236284893E-003
   3.5935584606636779E-003
   2.5872378472447340E-003
   4.2254068237415152E-003
   3.1916095729349193E-003
   2.1600025337693315E-003
   3.7998324785800662E-003
   2.7414655365298516E-003
   1.6848846257094270E-003
   3.2867219115135654E-003
   4.7805462677520030E-003
   3.6690082667997529E-003
   5.1488746953131399E-003
   4.0128843250034300E-003
   2.8794361649804451E-003
   1.7479382571616532E-003
   4.5458616501488002E-003
   6.0282541508533717E-003
   4.8327952544817412E-003
   3.6400018454149515E-003
   2.4492704087085257E-003
   1.2600169456635820E-003
   2.6832860570954672E-003
   1.4693620361358197E-003
   2.7959547763053909E-003
   1.5579144316652715E-003
   5.5198315320467125E-003
   4.2330802301014207E-003
   2.9486846337698079E-003
   6.8787311390117916E-003
   5.5472739664285328E-003
   4.2186445620593345E-003
   2.8921967430019309E-003
   1.5673044390965962E-003
   2.8553386308375322E-003
   2.8431445333020194E-003
   1.4836091838151982E-003
   5.3160769560014918E-003
   3.9097971113589069E-003
   5.0555598319296123E-003
   3.6291654760269255E-003
   4.8284192189182867E-003
   5.9630093811853307E-003
   4.4950439599232101E-003
   3.0292628409378519E-003
   1.5649973008087039E-003
   2.7643837247794917E-003
   3.8826199924910758E-003
   5.0357627649325609E-003
   3.5062692519055388E-003
   1.9782414973554636E-003
   2.9903664607685873E-003
   4.0080209905083491E-003
   5.0728728491253724E-003
   3.4817699002976927E-003
   5.8340651365009107E-003
   6.9073914078892863E-003
   5.2650276528663498E-003
   3.6248396273450088E-003
   1.9861122295569472E-003
   5.6292917827678781E-003
   3.9490581571840992E-003
   2.2703106890362167E-003
   5.9234478091432948E-004
   1.4864551605341587E-003
   5.1735986797215644E-003
   6.0061383403236775E-003
   6.9648040278183004E-003
   5.1829559782360828E-003
   6.0023685888181740E-003
   4.2035746438546890E-003
   5.1190797001529186E-003
   3.3012492394214128E-003
   4.1217568350191440E-003
   2.2853966251668843E-003
   1.8243874152538634E-003
   2.7252241456188586E-003
   8.5806737108110617E-004
   4.2700313036212519E-003
   7.7219284465144351E-003
   5.7743517650313200E-003
   3.8288102008553790E-003
   4.5254780004244334E-003
   2.5619896742496654E-003
   3.3287172807564117E-003
   4.1361995955311402E-003
   4.8091874423427730E-003
   5.5724740143159130E-003
   3.5313334314843702E-003
   1.4909927572656024E-003
   4.9840928024734764E-003
   2.9024246397342493E-003
   3.4570565206109125E-003
   4.0137463142052021E-003
   3.3189386943298285E-003
   6.7316751436531210E-003
   7.3443491824130283E-003
   5.1569128346776452E-003
   5.8085392221227062E-003
   6.3309972386973983E-003
   4.1072741543257052E-003
   1.8843898187334948E-003
   2.5063933394251512E-003
   3.0492547333701805E-003
   3.6870641995718537E-003
   4.1096518382459681E-003
   7.4287035867680604E-003
   5.0854706047312312E-003
   8.3556118866649348E-003
   8.8795875286839208E-003
   6.4800736339257394E-003
   4.0822187511811332E-003
   4.4785311680657662E-003
   2.0624032512812254E-003
   4.0307111917177157E-003
   4.5328137970351585E-003
   4.9151283172119541E-003
   5.3893522634306731E-003
   2.8828563319995299E-003
   3.1484199932277591E-003
   3.4133187035449973E-003
   6.7421724426616411E-003
   6.9830797499204240E-003
   4.3801242376167119E-003
   4.7957577363627298E-003
   8.0777459871284058E-003
   5.4156655609571636E-003
   5.7206439785365331E-003
   3.0402098459877346E-003
   6.3052660076718670E-003
   3.5853226442049842E-003
   8.6534691353638761E-004
   1.0134238757246790E-003
   5.7507746571609387E-003
   9.0384197685005017E-003
   9.1260510106666061E-003
   6.2752450382093919E-003
   6.5145099509232663E-003
   6.6098322170991715E-003
   6.7792333529848618E-003
   6.9846748272225584E-003
   4.0565339624975272E-003
   4.1442313170000147E-003
   1.1956947416735721E-003
   1.4063765787363878E-003
   4.7407153930169015E-003
   4.6866315112099599E-003
   7.6995370281218280E-003
   7.8080226545898584E-003
   7.7237319494576065E-003
   4.6124033792143571E-003
   1.5011659095797241E-003
   7.7856927167971402E-003
   6.2422337379625910E-003
   6.3139803314257283E-003
   6.2304359111110133E-003
   6.2711736020230171E-003
   3.0262333409226453E-003
   2.9962719378064558E-003
   3.0171127496721535E-003
   5.9624612389977422E-003
   5.7114081721564734E-003
   5.4905723702969632E-003
   5.4696494216178856E-003
   5.3814950894210348E-003
   1.1725728247816820E-002
   8.2511794958644181E-003
   8.1479430333001850E-003
   4.6529124696329865E-003
   4.3753862485561533E-003
   4.1939431343380653E-003
   4.0450117350237713E-003
   4.8288129534881062E-004
   5.1294479292800493E-003
   8.1661326576180672E-003
   4.5057630143313489E-003
   1.0962099237165228E-002
   1.0618892276704159E-002
   6.8747109689493470E-003
   9.8867526185278526E-003
   6.1012968981602085E-003
   2.3151526700792829E-003
   1.8781970076935457E-003
   8.5741264051976979E-003
   8.2608065618949462E-003
   4.3616242162920890E-003
   3.8813321643490486E-003
   6.8593708980978219E-003
   6.2392233428172428E-003
   5.7853787684054598E-003
   8.6599445943822909E-003
   8.1916149633389328E-003
   7.5485096779591247E-003
   8.9505571341391942E-003
   4.8163081646441942E-003
   1.1505774253063945E-002
   1.0883000714472757E-002
   6.6589359058151281E-003
   6.1397156823227083E-003
   5.4582855400597272E-003
   1.1838280962849345E-003
   3.8699383164632724E-004
   6.9881106684780061E-003
   9.9413364351830097E-003
   1.2956788681031043E-002
   8.4970329623394788E-003
   1.1437520649802860E-002
   6.9315611299772904E-003
   6.1946474374201419E-003
   9.0337403132860119E-003
   8.2962895654864408E-003
   3.6948820810751184E-003
  -9.1004800950251563E-004
   4.0665169658267017E-003
   3.2312934991044267E-003
   9.9836968615713145E-003
   8.8774401559144796E-003
   1.1597237169636369E-002
   1.0716269153033326E-002
   9.6215601573746597E-003
   8.6768049143967595E-003
   3.7672892768430394E-003
   1.0563991599328668E-002
   9.6270957906789273E-003
   8.6785610982172516E-003
   3.6437630776148936E-003
   6.5870053854505811E-003
   9.5375873491999642E-003
   4.3993067145943286E-003
   7.2125401647236478E-003
   9.8448213129884304E-003
   8.4909114591876032E-003
   3.2221499717252815E-003
   1.2301907612184864E-002
   1.1104714847134548E-002
   1.4012428208256936E-002
   1.2588979273276875E-002
   7.1306879259382802E-003
   5.9082938303931989E-003
   4.6471500516489760E-003
   7.3857265388182587E-003
   6.1143126665868458E-003
   5.1320916611627139E-004
   3.2861674848764567E-003
   1.0197926329337513E-002
   8.5505374772021463E-003
   1.5821137511720599E-002
   1.4128255572328339E-002
   1.2540122231334066E-002
   1.1082447448079973E-002
   9.3691616918752940E-003
   3.4172550660091236E-003
   1.8749628757606959E-003
   1.5860942654271532E-002
   9.7558605832805158E-003
   8.1911079524938594E-003
   2.0500358258048286E-003
   9.1364545195416758E-003
   1.1734661244199442E-002
   1.4259634852804137E-002
   7.9217442061092873E-003
   1.5083225130903469E-002
   8.6597721094825927E-003
   6.9337364107423978E-003
   9.6224300802451174E-003
   7.7297599060209788E-003
   1.5228381040382028E-002
   1.3121462359473689E-002
   6.4597023787493482E-003
   4.5803518254285231E-003
  -2.1243595472949682E-003
   5.0495157641556616E-003
   7.4869705010529577E-003
   1.7397044856080637E-002
   1.0442251254076376E-002
   1.7751977285550100E-002
   1.0707494719684312E-002
   1.8217221255121301E-002
   1.6002836916626753E-002
   8.8330770393516729E-003
   6.5006465245460894E-003
   9.0710202913060565E-003
   1.7956053009811708E-003
  -3.8369430719984387E-004
   7.3169449519201683E-003
   1.4749993492499756E-002
   1.7184516806553526E-002
   1.4453693569813065E-002
   1.1864439188453698E-002
   1.4318437633684254E-002
   1.6954074623324527E-002
   1.4175044862689732E-002
   6.3774093263286981E-003
   1.6968816130288996E-002
   1.4131270185740594E-002
   1.1538809721393827E-002
   8.8516230207797090E-003
   1.1596778117744891E-002
   1.3940375031181070E-002
   1.0853211314038703E-002
   1.3215423098180244E-002
   1.0080460788991616E-002
   7.0604882354796577E-003
   2.0370027726079615E-002
   1.7486718890934994E-002
   1.9798737077500565E-002
   2.2282136770277444E-002
   1.3636277917063008E-002
   1.0359660945782232E-002
   1.2925085287004392E-002
   9.7912574720118474E-003
   6.5609917374882549E-003
   8.9447921148840884E-003
   8.3359348358327326E-003
   2.7294216742925520E-003
