   2.3549386496696596E-006
   2.7473246103654274E-006
   3.2220645111453667E-006
   3.7952239871098119E-006
   4.4860885415642815E-006
   5.3178249946181655E-006
   6.3182695728223787E-006
   7.5208697398680841E-006
   8.9658123226852355E-006
   1.0701377006034806E-005
   1.2785562138953018E-005
   1.5288039412968372E-005
   1.8292505795257203E-005
   2.1899515701182619E-005
   2.6229894510769095E-005
   3.1428857161949232E-005
   3.7670984037226910E-005
   4.5166242568289966E-005
   5.4167289546783243E-005
   6.4978349811214934E-005
   7.7966047218470391E-005
   9.3572671535211259E-005
   1.1233251169972341E-004
   1.3489208872606058E-004
   1.6203540473159643E-004
   1.9471572250380237E-004
   2.3409594913539135E-004
   2.8160047631094361E-004
   3.3898239485529916E-004
   4.0841141008596629E-004
   4.9258955626928084E-004
   5.9490387868975099E-004
   7.1962744342624237E-004
   8.7218212954325730E-004
   1.0594787335226629E-003
   1.2903531109390281E-003
   1.5761245913558514E-003
   1.9313198745362645E-003
   1.3981276468808073E-003
   1.6731180763551725E-003
   2.0144705967735420E-003
   2.4379942259377388E-003
   2.2497519021277461E-003
   2.5481135688744778E-003
   2.9228255481729870E-003
   3.3917206212588729E-003
   3.9769815301037431E-003
   4.0596794091718701E-003
   4.4691940875114340E-003
   4.9821143551747769E-003
   5.6236464925961101E-003
   5.9692797028274291E-003
   6.4194516843677782E-003
   6.9814367273406475E-003
   7.6835274468577096E-003
   8.2369283764961599E-003
   8.7358545715428160E-003
   9.3566023563059365E-003
   1.0130667844100679E-002
   1.1098290511303972E-002
  0.13144396099628636     
  0.12871912977523303     
  0.12555956347679151     
  0.12192450581544828     
  0.11786874567761169     
  0.11547698441536193     
  0.11271314091682885     
  0.10954868607292066     
  0.10597686102490328     
  0.10217296117598441     
   9.8751351421412392E-002
   9.5673739981593023E-002
   9.2909041981274615E-002
   9.0431560158352201E-002
  0.17131530000696091     
  0.16666033763306753     
  0.16234887320110453     
  0.15835675608141198     
  0.15466293361788991     
  0.15124893360613570     
  0.14809844676147013     
  0.14519698624649621     
  0.17027135192827450     
  0.16702744407918060     
  0.16402243388342813     
  0.16124540151798575     
  0.15868639642522647     
  0.15633630068846402     
  0.19907042234266858     
  0.19582427959447296     
  0.19279774674244382     
  0.18998319120909815     
  0.18737348771080378     
  0.22025930551925457     
  0.21706603521693357     
  0.21408284769172609     
  0.21130360831924222     
  0.20872248701008414     
  0.20633391538301463     
  0.20413254921218593     
  0.20211323579110696     
  0.20027098587209083     
  0.22799753087036559     
  0.23833911308841871     
  0.23576155442935254     
  0.23337345178157562     
  0.23117049590304808     
  0.25243822453265929     
  0.24991016256557466     
  0.24757112340719784     
  0.24541705236195013     
  0.24344390226494594     
  0.24164762531710718     
  0.24002416729132534     
  0.25894946999800827     
  0.25702901028803860     
  0.25528426640672214     
  0.27195884533534403     
  0.26993721917658431     
  0.26809721730468206     
  0.28327028456005732     
  0.28122269931789240     
  0.27936000602586208     
  0.27767838415411950     
  0.28394907871546249     
  0.28236655400933852     
  0.29577760572877354     
  0.29403864800861368     
  0.29247989676673558     
  0.29109746330016545     
  0.28988737996293035     
  0.30168670554732674     
  0.30030192313992121     
  0.29909391992025997     
  0.31001883720685475     
  0.32047713926550531     
  0.31890529928989508     
  0.31751871319345221     
  0.31631324517011566     
  0.32605959698813552     
  0.32478031153972714     
  0.32368185985014564     
  0.32275991638830309     
  0.32201007511120811     
  0.32657533169329717     
  0.33485521039492910     
  0.34339243435498129     
  0.35077999592329928     
  0.34948803097307540     
  0.34838688941273510     
  0.34747200642540876     
  0.34673871587403066     
  0.35403528134564616     
  0.35328161376334494     
  0.35270779294447852     
  0.36015252808966935     
  0.35957157823824909     
  0.35916662393305587     
  0.36613229820444138     
  0.37168523915969104     
  0.37109376432542923     
  0.37653970601752484     
  0.37597203948617974     
  0.37558967403199578     
  0.37538736358991026     
  0.38408686996098496     
  0.38978267586081972     
  0.38930883509398373     
  0.38902176126404581     
  0.38891614456700468     
  0.38898662831135605     
  0.39427241326368162     
  0.39437210923399818     
  0.39854410430115877     
  0.39868049843029030     
  0.40779722769406901     
  0.40769204561612837     
  0.40777340988307720     
  0.41626273323691948     
  0.41612894512981041     
  0.41618682551459812     
  0.41643053501920535     
  0.41685420619386343     
  0.42110174195554195     
  0.42369791807385326     
  0.42421243337546560     
  0.43119976291552869     
  0.43150948865418276     
  0.43442150204028090     
  0.43483066894987499     
  0.43853472486244710     
  0.44150076563090862     
  0.44193580223197770     
  0.44256024395326460     
  0.44336770969073125     
  0.44741742111247995     
  0.45058664325282738     
  0.45419682079683377     
  0.45493979108500615     
  0.45586607870338858     
  0.45815481034736777     
  0.46053278712398754     
  0.46354987954736410     
  0.46444971031076632     
  0.46815293397365443     
  0.47142289135939375     
  0.47226662907864292     
  0.47330377715969790     
  0.47452750807371846     
  0.47887844728194368     
  0.47998971557985687     
  0.48128875211764810     
  0.48276870082556866     
  0.48476861643596042     
  0.48941919508696891     
  0.49096599745202313     
  0.49383881386785761     
  0.49505974343507431     
  0.49673335552036535     
  0.49812101161846700     
  0.50086208364881957     
  0.50239610764706011     
  0.50441636487731734     
  0.50610512354405235     
  0.50858988282973594     
  0.51163692732150357     
  0.51352859839185327     
  0.51536038710512377     
  0.51752845172645023     
  0.51910735792172491     
  0.52088708903721925     
  0.52241683747661349     
  0.52436950425978890     
  0.52676169282440788     
  0.52960412343477126     
  0.53126303210218062     
  0.53384386234434789     
  0.53589138420865956     
  0.53813066563193290     
  0.54063522872024572     
  0.54281462764806665     
  0.54389849712046334     
  0.54507195509188489     
  0.54765205412218787     
  0.54942045500743208     
  0.55133097084000604     
  0.55354243849102291     
  0.55598908302431171     
  0.55737002138153180     
  0.55977592221902128     
  0.56238008146883378     
  0.56490706373947719     
  0.56682847595896158     
  0.56965312339202978     
  0.57067966334823417     
  0.57164697554727617     
  0.57418625599484885     
  0.57469695558702028     
  0.57690242666469804     
  0.57945772325899936     
  0.58222413211087387     
  0.58367727484313958     
  0.58665446357398876     
  0.58892511251837476     
  0.59155284041732825     
  0.59323920838171063     
  0.59577388978331269     
  0.59884146470532396     
  0.59985842431429615     
  0.60095777128064809     
  0.60212047206850094     
  0.60316418466139665     
  0.60629881507402628     
  0.60899945312225623     
  0.60978039681153784     
  0.61294897747648069     
  0.61501701194749203     
  0.61841527521729056     
  0.61916578144038981     
  0.62259430076044742     
  0.62622903198418356     
  0.62753743220990454     
  0.62729634977834847     
  0.62822472768144000     
  0.62924717390356899     
  0.63268783004947304     
  0.63518081341817112     
  0.63659987862396161     
  0.63869968211908079     
  0.64117440933443948     
  0.64494251075534259     
  0.64674163980652455     
  0.65074945704260645     
  0.65375059457709461     
  0.65520470334607905     
  0.65631701099113382     
  0.65534046350015818     
  0.65786239145300807     
  0.65902186198396606     
  0.66305048837228986     
  0.66730013054648041     
  0.66536422822414010     
  0.66884697950720229     
  0.67171024404905488     
  0.67350452250957993     
  0.67633533340655971     
  0.68069621886017928     
  0.68326245114153727     
  0.68627169922581688     
  0.68511220332113831     
  0.68634985664548120     
  0.68788498050355351     
  0.69098785896508652     
  0.69370782003823361     
  0.69128896216126567     
  0.69565603978794732     
  0.69854565770050281     
  0.70319600639023372     
  0.70513975329524892     
  0.70784568494445366     
  0.71089101897018436     
  0.71589608787461856     
  0.71405088712011178     
  0.71380420221754493     
  0.71867672212038458     
  0.71630493777172866     
  0.71855035252654309     
  0.72341321378858592     
  0.72310164310181579     
  0.72809382962355562     
  0.73332686831373761     
  0.73564322035892282     
  0.73448658605585626     
  0.73776689628260106     
  0.74301476559225776     
  0.74547211665747082     
  0.74516827474602509     
  0.74687970277291660     
  0.74983434605298449     
  0.74887357493817930     
  0.75194642875672457     
  0.75395865797362960     
  0.75646887685347985     
  0.76201920716220206     
  0.75992150747623688     
  0.76251839727307269     
  0.76809236036774664     
  0.77165311809616599     
  0.77429619470283517     
  0.78024679695739763     
  0.78247254273166877     
  0.77948416139404086     
  0.77940232035844936     
  0.77972126935660724     
  0.78548021513767241     
  0.78538356792663588     
  0.79130694797738887     
  0.79470671020763439     
  0.79413470060355751     
  0.79774705165400539     
  0.80399137957134048     
  0.81048793084536308     
  0.81010885425493084     
  0.81367915880515973     
  0.81079039368480676     
  0.81288129145955201     
  0.81178172566972628     
  0.81549063052241511     
  0.81801133288896333     
  0.82160266843585106     
  0.82820928889728107     
  0.82510624034385172     
  0.82914590348414230     
  0.83325514908878628     
  0.84002690142126990     
  0.84070387682192294     
  0.84141562982980456     
  0.84825818973920397     
  0.84825398631314697     
  0.84718944010713348     
  0.84983335696072193     
  0.85687807946850958     
  0.85283406693412800     
  0.85678548479871297     
  0.85746136481606638     
  0.86034402558606304     
  0.86743952858782436     
  0.87189117012681694     
  0.87625120322939343     
  0.87627954421506404     
  0.88084202351506724     
  0.88841152818642655     
  0.88883269512660168     
  0.88512699807691320     
  0.88811003533294286     
  0.88614877485997567     
  0.88908171429228011     
  0.89278043611278501     
  0.89737775834822930     
  0.90073691651397725     
  0.90857159907684926     
  0.91328915013392142     
  0.90617365634263147     
  0.91385145129039558     
  0.91880381789425458     
  0.92688730133284369     
  0.92336807715855707     
  0.92332977698479901     
  0.92290782880436495     
  0.93091407973185214     
  0.92740946395622470     
  0.93548128018302346     
  0.94080067579871629     
  0.94159845174803458     
  0.94634202567371173     
  0.94435966552243877     
  0.94820240365275632     
  0.95664904151204044     
  0.96213432583186198     
  0.97099367067181863     
  0.96723946050236498     
  0.96718286048429059     
  0.96294820514040136     
  0.97147047202589409     
  0.96789420044021501     
  0.97651701929214374     
  0.97378433319911162     
  0.97884533331277690     
  0.98770084354076682     
  0.99265682867429628     
  0.99375282753680372     
   1.0030193492866308     
   1.0093372262765123     
   1.0074288738125805     
   1.0039687551903229     
   1.0045063423380867     
   1.0085480556566166     
   1.0135028696898882     
   1.0143625627908361     
   1.0160951573183559     
   1.0206180966561393     
   1.0301820347125754     
   1.0269443693237186     
   1.0317339252770421     
   1.0379503804209709     
   1.0439120704136433     
   1.0466911202836082     
   1.0475900905157913     
   1.0521650411198493     
   1.0532723075548083     
   1.0580177618011843     
   1.0635522447411820     
   1.0569587430199749     
   1.0633473714900392     
   1.0644360869770759     
   1.0663386695862602     
   1.0764144500405171     
   1.0818468873437610     
   1.0845099132566758     
   1.0910168314370368     
   1.0973065460383098     
   1.0994111507374169     
   1.1029713706886433     
   1.1109275858181094     
