 r rho p eni
  0.74437513286105239        1.8060451961820145        1.0000000000322552E-006   8.3054399924176181E-007
  0.67686184675618777        1.8864438184475270        9.9999999993419058E-007   7.9514692419291322E-007
  0.61416973634960559        1.9769286314336729        1.0000000000164970E-006   7.5875273197745230E-007
  0.55719700955909346        2.0768184137864925        9.9999999997696532E-007   7.2225861924568591E-007
  0.50665590582795017        2.1842356777022305        9.9999999994057255E-007   6.8673908004690531E-007
  0.46316007492415956        2.2954484474903136        9.9999999992354951E-007   6.5346708244540253E-007
  0.42732014044754407        2.4040995104316956        9.9999999998796446E-007   6.2393423960749317E-007
  0.39974481636188230        2.5009575495203671        1.0000000000112960E-006   5.9977027611068934E-007
  0.38099199555401991        2.5748362354109551        9.9999999999222250E-007   5.8256132151601747E-007
  0.37149601413672495        2.6150913527141553        9.9999999999335498E-007   5.7359372873655445E-007
  0.37149601413672501        2.6150913527141548        9.9999999999335498E-007   5.7359372873655445E-007
  0.38099199555401991        2.5748362354109551        9.9999999999222250E-007   5.8256132151601747E-007
  0.39974481636188253        2.5009575495203662        1.0000000000112956E-006   5.9977027611068934E-007
  0.42732014044754379        2.4040995104316965        9.9999999998796489E-007   6.2393423960749317E-007
  0.46316007492415967        2.2954484474903136        9.9999999992354951E-007   6.5346708244540253E-007
  0.50665590582795006        2.1842356777022305        9.9999999994057255E-007   6.8673908004690531E-007
  0.55719700955909335        2.0768184137864925        9.9999999997696532E-007   7.2225861924568591E-007
  0.61416973634960548        1.9769286314336734        1.0000000000164972E-006   7.5875273197745230E-007
  0.67686184675618788        1.8864438184475270        9.9999999993419058E-007   7.9514692419291322E-007
  0.74437513286105250        1.8060451961820145        1.0000000000322552E-006   8.3054399924176181E-007
  0.67686184675618766        1.8864438184475272        9.9999999993419058E-007   7.9514692419291322E-007
  0.60864720968535657        2.1133036649171024        4.5109759875119122E-002   3.2018417862031634E-002
  0.54626371251982930        2.3477033626831725       0.12274414796111391        7.8423971643183155E-002
  0.49073027268245750        2.7262029436241431       0.25029561228828068       0.13771660664899593     
  0.44277546748724744        3.1808155984022353       0.41877232175815460       0.19748346397470007     
  0.40244892517617831        3.7474280418519226       0.62875218256965748       0.25167348467307893     
  0.36976805439371424        4.4322509445518765       0.87784440457469826       0.29708755739126569     
  0.34485199924754240        5.1942029145083559        1.1496298701583740       0.33199411605982354     
  0.32795190995062512        5.9068030192304208        1.3999008934447885       0.35549709941754004     
  0.31938548930390737        6.3573331330278240        1.5565587054302825       0.36726690410722651     
  0.31938548930390764        6.3573331330277556        1.5565587054302656       0.36726690410722646     
  0.32795190995062512        5.9068030192304724        1.3999008934447981       0.35549709941753938     
  0.34485199924754256        5.1942029145083470        1.1496298701583718       0.33199411605982343     
  0.36976805439371474        4.4322509445518454       0.87784440457468871       0.29708755739126458     
  0.40244892517617831        3.7474280418519497       0.62875218256966192       0.25167348467307893     
  0.44277546748724789        3.1808155984022082       0.41877232175814966       0.19748346397469940     
  0.49073027268245734        2.7262029436241377       0.25029561228827946       0.13771660664899554     
  0.54626371251982953        2.3477033626831965       0.12274414796111552        7.8423971643183377E-002
  0.60864720968535657        2.1133036649171029        4.5109759875119677E-002   3.2018417862032023E-002
  0.67686184675618755        1.8864438184475272        9.9999999993419058E-007   7.9514692419291322E-007
  0.61416973634960537        1.9769286314336734        1.0000000000164972E-006   7.5875273197745230E-007
  0.54626371251982919        2.3477033626831738       0.12274414796111328        7.8423971643182711E-002
  0.48530972570784847        2.5958668309108490       0.25929199544975906       0.14982971720400862     
  0.43185458345109162        3.0435805526992326       0.45925855421761802       0.22634125149586704     
  0.38676728210633171        3.5140190807852743       0.69364957512777148       0.29609240552534033     
  0.34957398669617334        4.0140721028061215       0.94990212168913812       0.35496452132427653     
  0.31982356825462815        4.5200449116555648        1.2099121736459701       0.40151553711093990     
  0.29728609212170853        4.9902218809072698        1.4493549813937106       0.43565847851544948     
  0.28202037378487538        5.3632760247556064        1.6371038859021367       0.45786489778234085     
  0.27427655411981466        5.5724047913540291        1.7413856320512604       0.46875245892576040     
  0.27427655411981455        5.5724047913541170        1.7413856320512882       0.46875245892576051     
  0.28202037378487554        5.3632760247556091        1.6371038859021367       0.45786489778234057     
  0.29728609212170859        4.9902218809072423        1.4493549813937023       0.43565847851544942     
  0.31982356825462815        4.5200449116555834        1.2099121736459753       0.40151553711093996     
  0.34957398669617351        4.0140721028061437       0.94990212168914234       0.35496452132427614     
  0.38676728210633166        3.5140190807852667       0.69364957512777081       0.29609240552534072     
  0.43185458345109184        3.0435805526992281       0.45925855421761735       0.22634125149586701     
  0.48530972570784892        2.5958668309108721       0.25929199544976128       0.14982971720400856     
  0.54626371251982930        2.3477033626831920       0.12274414796111485        7.8423971643183099E-002
  0.61416973634960548        1.9769286314336734        1.0000000000164972E-006   7.5875273197745230E-007
  0.55719700955909346        2.0768184137864925        9.9999999997696532E-007   7.2225861924568591E-007
  0.49073027268245739        2.7262029436241471       0.25029561228828040       0.13771660664899560     
  0.43185458345109190        3.0435805526992059       0.45925855421761275       0.22634125149586642     
  0.38023342069865912        3.6643264017593644       0.75863882856812004       0.31055045814308696     
  0.33711324637291123        4.2974655807757562        1.0918665657486724       0.38110831089596792     
  0.30168397763386884        4.9469602722603270        1.4414886417366044       0.43708314674153537     
  0.27330607059495848        5.5728278215554852        1.7806288470292002       0.47927970432043382     
  0.25167656002598504        6.1270878326845120        2.0798326574359653       0.50917321105009616     
  0.23690049063749474        6.5506193894342362        2.3066106574480130       0.52818150169931410     
  0.22934950061467868        6.7827692467127934        2.4299841373935402       0.53738761758065323     
  0.22934950061467882        6.7827692467126575        2.4299841373934918       0.53738761758065334     
  0.23690049063749491        6.5506193894341891        2.3066106574479961       0.52818150169931399     
  0.25167656002598537        6.1270878326845235        2.0798326574359689       0.50917321105009616     
  0.27330607059495843        5.5728278215554115        1.7806288470291769       0.47927970432043387     
  0.30168397763386900        4.9469602722603243        1.4414886417366028       0.43708314674153514     
  0.33711324637291140        4.2974655807757625        1.0918665657486726       0.38110831089596747     
  0.38023342069865917        3.6643264017593817       0.75863882856812370       0.31055045814308702     
  0.43185458345109223        3.0435805526992215       0.45925855421761619       0.22634125149586692     
  0.49073027268245761        2.7262029436241377       0.25029561228827907       0.13771660664899532     
  0.55719700955909357        2.0768184137864920        9.9999999997696489E-007   7.2225861924568591E-007
  0.50665590582795028        2.1842356777022300        9.9999999994057233E-007   6.8673908004690531E-007
  0.44277546748724811        3.1808155984022219       0.41877232175815238       0.19748346397469985     
  0.38676728210633227        3.5140190807852667       0.69364957512777070       0.29609240552534066     
  0.33711324637291157        4.2974655807757260        1.0918665657486646       0.38110831089596786     
  0.29579399728706007        5.0643687694069808        1.5095719195857804       0.44711552070561766     
  0.26170318531517178        5.8132291938872847        1.9240899654170227       0.49647706152036064     
  0.23408713036355261        6.4859019054244138        2.3001483969241119       0.53195725832680429     
  0.21267475310444911        7.0390749800809926        2.6100810980407791       0.55619831556562283     
  0.19776402781458033        7.4373355561240224        2.8322652146042935       0.57122578238496180     
  0.19002577927200673        7.6483888450052460        2.9491800934452095       0.57839242091577781     
  0.19002577927200676        7.6483888450053144        2.9491800934452366       0.57839242091577792     
  0.19776402781458027        7.4373355561240366        2.8322652146042988       0.57122578238496180     
  0.21267475310444930        7.0390749800809997        2.6100810980407814       0.55619831556562271     
  0.23408713036355275        6.4859019054244014        2.3001483969241066       0.53195725832680418     
  0.26170318531517195        5.8132291938873388        1.9240899654170394       0.49647706152036031     
  0.29579399728706018        5.0643687694069737        1.5095719195857782       0.44711552070561766     
  0.33711324637291173        4.2974655807757545        1.0918665657486712       0.38110831089596775     
  0.38676728210633243        3.5140190807852631       0.69364957512776981       0.29609240552534055     
  0.44277546748724811        3.1808155984021975       0.41877232175814982       0.19748346397470012     
  0.50665590582795028        2.1842356777022300        9.9999999994057233E-007   6.8673908004690531E-007
  0.46316007492415984        2.2954484474903132        9.9999999992354930E-007   6.5346708244540253E-007
  0.40244892517617881        3.7474280418519350       0.62875218256966203       0.25167348467307993     
  0.34957398669617390        4.0140721028061312       0.94990212168914012       0.35496452132427642     
  0.30168397763386934        4.9469602722603359        1.4414886417366053       0.43708314674153492     
  0.26170318531517200        5.8132291938873104        1.9240899654170303       0.49647706152036036     
  0.22824029503306101        6.6061726204220532        2.3720055618334133       0.53858846069977606     
  0.20047997231944087        7.2564956486948624        2.7460818518922858       0.56764628234556780     
  0.17827009573307673        7.7414947654455224        3.0291600140991273       0.58693316456530586     
  0.16227135733763931        8.0639753935902281        3.2184208376260406       0.59866641709700352     
  0.15373725590248219        8.2279354571740573        3.3142176450925711       0.60420095581866573     
  0.15373725590248227        8.2279354571739525        3.3142176450925285       0.60420095581866573     
  0.16227135733763950        8.0639753935901961        3.2184208376260282       0.59866641709700352     
  0.17827009573307689        7.7414947654455606        3.0291600140991402       0.58693316456530542     
  0.20047997231944115        7.2564956486948029        2.7460818518922623       0.56764628234556758     
  0.22824029503306126        6.6061726204220363        2.3720055618334048       0.53858846069977551     
  0.26170318531517217        5.8132291938873291        1.9240899654170358       0.49647706152036020     
  0.30168397763386956        4.9469602722603181        1.4414886417365991       0.43708314674153459     
  0.34957398669617412        4.0140721028061037       0.94990212168913379       0.35496452132427647     
  0.40244892517617897        3.7474280418519488       0.62875218256966292       0.25167348467307937     
  0.46316007492415989        2.2954484474903127        1.0000000000084978E-006   6.5346708250091368E-007
  0.42732014044754441        2.4040995104316947        9.9999999998796404E-007   6.2393423960749317E-007
  0.36976805439371541        4.4322509445519165       0.87784440457470825       0.29708755739126641     
  0.31982356825462926        4.5200449116555195        1.2099121736459575       0.40151553711093968     
  0.27330607059495937        5.5728278215554212        1.7806288470291771       0.47927970432043304     
  0.23408713036355328        6.4859019054243250        2.3001483969240768       0.53195725832680352     
  0.20047997231944120        7.2564956486948029        2.7460818518922614       0.56764628234556747     
  0.17163445355968088        7.8249766330410671        3.0856937625213443       0.59150855789625523     
  0.14754170101209935        8.2065545317045263        3.3210558946038478       0.60702500941903581     
  0.12932186242245841        8.4368701809548519        3.4667159637659823       0.61635106788622518     
  0.11917296121723575        8.5454778618209311        3.5362561269324306       0.62072411586218179     
  0.11917296121723583        8.5454778618209311        3.5362561269324306       0.62072411586218179     
  0.12932186242245852        8.4368701809548803        3.4667159637659943       0.61635106788622529     
  0.14754170101209937        8.2065545317044570        3.3210558946038176       0.60702500941903548     
  0.17163445355968104        7.8249766330409871        3.0856937625213123       0.59150855789625512     
  0.20047997231944137        7.2564956486948278        2.7460818518922694       0.56764628234556713     
  0.23408713036355358        6.4859019054243028        2.3001483969240670       0.53195725832680307     
  0.27330607059495970        5.5728278215553573        1.7806288470291565       0.47927970432043299     
  0.31982356825462960        4.5200449116555337        1.2099121736459608       0.40151553711093957     
  0.36976805439371552        4.4322509445518357       0.87784440457469270       0.29708755739126658     
  0.42732014044754457        2.4040995104316938        9.9999999998796383E-007   6.2393423960749317E-007
  0.39974481636188297        2.5009575495203644        1.0000000000112947E-006   5.9977027611068934E-007
  0.34485199924754389        5.1942029145083577        1.1496298701583789       0.33199411605982487     
  0.29728609212171009        4.9902218809071899        1.4493549813936879       0.43565847851544959     
  0.25167656002598632        6.1270878326844134        2.0798326574359285       0.50917321105009539     
  0.21267475310445019        7.0390749800808088        2.6100810980407072       0.55619831556562205     
  0.17827009573307720        7.7414947654453758        3.0291600140990647       0.58693316456530475     
  0.14754170101209924        8.2065545317043362        3.3210558946037696       0.60702500941903559     
  0.12052051405301825        8.4949744449704045        3.5105524254606504       0.61987574798517475     
   9.8684749436955224E-002   8.6546071670816076        3.6204606836982869       0.62749133735421703     
   8.5608195383415034E-002   8.7092035405405550        3.6638155917161734       0.63102479600943584     
   8.5608195383415006E-002   8.7092035405406332        3.6638155917162067       0.63102479600943584     
   9.8684749436955155E-002   8.6546071670815277        3.6204606836982536       0.62749133735421703     
  0.12052051405301825        8.4949744449703832        3.5105524254606415       0.61987574798517475     
  0.14754170101209932        8.2065545317042456        3.3210558946037314       0.60702500941903526     
  0.17827009573307731        7.7414947654453536        3.0291600140990540       0.58693316456530442     
  0.21267475310445030        7.0390749800807244        2.6100810980406739       0.55619831556562160     
  0.25167656002598671        6.1270878326843894        2.0798326574359183       0.50917321105009494     
  0.29728609212171037        4.9902218809071819        1.4493549813936857       0.43565847851544970     
  0.34485199924754434        5.1942029145082973        1.1496298701583669       0.33199411605982521     
  0.39974481636188303        2.5009575495203640        1.0000000000112947E-006   5.9977027611068934E-007
  0.38099199555402063        2.5748362354109520        9.9999999999222123E-007   5.8256132151601747E-007
  0.32795190995062673        5.9068030192304857        1.3999008934448143       0.35549709941754271     
  0.28202037378487743        5.3632760247554838        1.6371038859021003       0.45786489778234113     
  0.23690049063749644        6.5506193894340576        2.3066106574479472       0.52818150169931344     
  0.19776402781458138        7.4373355561238226        2.8322652146042100       0.57122578238496025     
  0.16227135733763967        8.0639753935898035        3.2184208376258661       0.59866641709700252     
  0.12932186242245808        8.4368701809545854        3.4667159637658704       0.61635106788622473     
   9.8684749436954766E-002   8.6546071670814229        3.6204606836982092       0.62749133735421692     
   7.1563592271187110E-002   8.7721041141733807        3.7072090024492668       0.63392014404948838     
   5.2964840311171636E-002   8.8216672904570643        3.7448968927748116       0.63676685531303612     
   5.2964840311171650E-002   8.8216672904570661        3.7448968927748130       0.63676685531303623     
   7.1563592271187096E-002   8.7721041141733558        3.7072090024492561       0.63392014404948838     
   9.8684749436954738E-002   8.6546071670813625        3.6204606836981843       0.62749133735421703     
  0.12932186242245819        8.4368701809545090        3.4667159637658398       0.61635106788622485     
  0.16227135733763981        8.0639753935897946        3.2184208376258616       0.59866641709700241     
  0.19776402781458158        7.4373355561237497        2.8322652146041816       0.57122578238496013     
  0.23690049063749674        6.5506193894340106        2.3066106574479281       0.52818150169931288     
  0.28202037378487771        5.3632760247555131        1.6371038859021076       0.45786489778234069     
  0.32795190995062695        5.9068030192304981        1.3999008934448194       0.35549709941754321     
  0.38099199555402069        2.5748362354109515        9.9999999999222102E-007   5.8256132151601747E-007
  0.37149601413672534        2.6150913527141535        9.9999999999335435E-007   5.7359372873655445E-007
  0.31938548930390914        6.3573331330279084        1.5565587054303127       0.36726690410722873     
  0.27427655411981683        5.5724047913538897        1.7413856320512187       0.46875245892576090     
  0.22934950061468071        6.7827692467124603        2.4299841373934190       0.53738761758065279     
  0.19002577927200801        7.6483888450048791        2.9491800934450612       0.57839242091577647     
  0.15373725590248244        8.2279354571734906        3.3142176450923366       0.60420095581866462     
  0.11917296121723513        8.5454778618204585        3.5362561269322326       0.62072411586218135     
   8.5608195383413951E-002   8.7092035405403134        3.6638155917160704       0.63102479600943551     
   5.2964840311170651E-002   8.8216672904569400        3.7448968927747570       0.63676685531303578     
   2.3621127677103969E-002   8.9863716532667262        3.8289047885222853       0.63911859028171858     
   2.3621127677103979E-002   8.9863716532667155        3.8289047885222804       0.63911859028171858     
   5.2964840311170734E-002   8.8216672904569151        3.7448968927747472       0.63676685531303590     
   8.5608195383413965E-002   8.7092035405403170        3.6638155917160722       0.63102479600943562     
  0.11917296121723518        8.5454778618204283        3.5362561269322197       0.62072411586218135     
  0.15373725590248247        8.2279354571734995        3.3142176450923384       0.60420095581866429     
  0.19002577927200801        7.6483888450047832        2.9491800934450234       0.57839242091577625     
  0.22934950061468101        6.7827692467124114        2.4299841373933977       0.53738761758065201     
  0.27427655411981705        5.5724047913539421        1.7413856320512342       0.46875245892576073     
  0.31938548930390931        6.3573331330279261        1.5565587054303196       0.36726690410722929     
  0.37149601413672545        2.6150913527141526        9.9999999999335413E-007   5.7359372873655445E-007
  0.37149601413672551        2.6150913527141526        1.0000000000901319E-006   5.7359372879206560E-007
  0.31938548930390948        6.3573331330278462        1.5565587054303009       0.36726690410722951     
  0.27427655411981727        5.5724047913539057        1.7413856320512251       0.46875245892576134     
  0.22934950061468101        6.7827692467124168        2.4299841373934035       0.53738761758065279     
  0.19002577927200817        7.6483888450047655        2.9491800934450181       0.57839242091577658     
  0.15373725590248255        8.2279354571734888        3.3142176450923340       0.60420095581866429     
  0.11917296121723510        8.5454778618204141        3.5362561269322130       0.62072411586218124     
   8.5608195383413688E-002   8.7092035405402033        3.6638155917160233       0.63102479600943540     
   5.2964840311169950E-002   8.8216672904568654        3.7448968927747268       0.63676685531303612     
   2.3621127677102251E-002   8.9863716532666178        3.8289047885222391       0.63911859028171858     
   2.3621127677102234E-002   8.9863716532666160        3.8289047885222383       0.63911859028171869     
   5.2964840311170026E-002   8.8216672904568316        3.7448968927747126       0.63676685531303612     
   8.5608195383413771E-002   8.7092035405401695        3.6638155917160100       0.63102479600943562     
  0.11917296121723517        8.5454778618203804        3.5362561269322006       0.62072411586218146     
  0.15373725590248255        8.2279354571734036        3.3142176450922993       0.60420095581866418     
  0.19002577927200823        7.6483888450047637        2.9491800934450159       0.57839242091577625     
  0.22934950061468126        6.7827692467123510        2.4299841373933773       0.53738761758065223     
  0.27427655411981744        5.5724047913539323        1.7413856320512313       0.46875245892576073     
  0.31938548930390964        6.3573331330278675        1.5565587054303058       0.36726690410722951     
  0.37149601413672556        2.6150913527141526        9.9999999999335413E-007   5.7359372873655445E-007
  0.38099199555402091        2.5748362354109506        9.9999999999222080E-007   5.8256132151601747E-007
  0.32795190995062734        5.9068030192305052        1.3999008934448214       0.35549709941754332     
  0.28202037378487826        5.3632760247554581        1.6371038859020941       0.45786489778234157     
  0.23690049063749727        6.5506193894338924        2.3066106574478877       0.52818150169931322     
  0.19776402781458199        7.4373355561235419        2.8322652146041016       0.57122578238496002     
  0.16227135733764009        8.0639753935895548        3.2184208376257639       0.59866641709700208     
  0.12932186242245811        8.4368701809541964        3.4667159637657101       0.61635106788622462     
   9.8684749436954239E-002   8.6546071670811298        3.6204606836980853       0.62749133735421680     
   7.1563592271185889E-002   8.7721041141730165        3.7072090024491104       0.63392014404948804     
   5.2964840311169784E-002   8.8216672904567091        3.7448968927746606       0.63676685531303612     
   5.2964840311169770E-002   8.8216672904567712        3.7448968927746868       0.63676685531303601     
   7.1563592271185986E-002   8.7721041141729987        3.7072090024491029       0.63392014404948793     
   9.8684749436954378E-002   8.6546071670811884        3.6204606836981097       0.62749133735421669     
  0.12932186242245819        8.4368701809541111        3.4667159637656741       0.61635106788622451     
  0.16227135733764017        8.0639753935896703        3.2184208376258092       0.59866641709700186     
  0.19776402781458227        7.4373355561235295        2.8322652146040950       0.57122578238495969     
  0.23690049063749763        6.5506193894339448        2.3066106574479046       0.52818150169931277     
  0.28202037378487860        5.3632760247554412        1.6371038859020888       0.45786489778234152     
  0.32795190995062773        5.9068030192305230        1.3999008934448247       0.35549709941754309     
  0.38099199555402102        2.5748362354109502        9.9999999999222059E-007   5.8256132151601747E-007
  0.39974481636188336        2.5009575495203631        1.0000000000112943E-006   5.9977027611068934E-007
  0.34485199924754473        5.1942029145084110        1.1496298701583973       0.33199411605982676     
  0.29728609212171120        4.9902218809071179        1.4493549813936693       0.43565847851545025     
  0.25167656002598754        6.1270878326843157        2.0798326574358943       0.50917321105009516     
  0.21267475310445116        7.0390749800805787        2.6100810980406166       0.55619831556562094     
  0.17827009573307789        7.7414947654450330        3.0291600140989252       0.58693316456530387     
  0.14754170101209960        8.2065545317039810        3.3210558946036204       0.60702500941903459     
  0.12052051405301800        8.4949744449699995        3.5105524254604772       0.61987574798517386     
   9.8684749436954433E-002   8.6546071670811617        3.6204606836980986       0.62749133735421669     
   8.5608195383413910E-002   8.7092035405402193        3.6638155917160287       0.63102479600943517     
   8.5608195383413965E-002   8.7092035405401589        3.6638155917160029       0.63102479600943517     
   9.8684749436954627E-002   8.6546071670812346        3.6204606836981279       0.62749133735421658     
  0.12052051405301822        8.4949744449700084        3.5105524254604803       0.61987574798517375     
  0.14754170101209979        8.2065545317039863        3.3210558946036230       0.60702500941903470     
  0.17827009573307795        7.7414947654451440        3.0291600140989705       0.58693316456530409     
  0.21267475310445130        7.0390749800805716        2.6100810980406153       0.55619831556562116     
  0.25167656002598771        6.1270878326843423        2.0798326574359032       0.50917321105009505     
  0.29728609212171148        4.9902218809071126        1.4493549813936675       0.43565847851545020     
  0.34485199924754495        5.1942029145083843        1.1496298701583905       0.33199411605982648     
  0.39974481636188330        2.5009575495203631        9.9999999991874027E-007   5.9977027605517819E-007
  0.42732014044754474        2.4040995104316933        9.9999999998796362E-007   6.2393423960749317E-007
  0.36976805439371657        4.4322509445519040       0.87784440457471269       0.29708755739126874     
  0.31982356825463071        4.5200449116554893        1.2099121736459526       0.40151553711094079     
  0.27330607059496098        5.5728278215553120        1.7806288470291416       0.47927970432043293     
  0.23408713036355469        6.4859019054241687        2.3001483969240160       0.53195725832680230     
  0.20047997231944237        7.2564956486944414        2.7460818518921175       0.56764628234556602     
  0.17163445355968182        7.8249766330407580        3.0856937625212160       0.59150855789625401     
  0.14754170101209987        8.2065545317040343        3.3210558946036413       0.60702500941903448     
  0.12932186242245858        8.4368701809543545        3.4667159637657736       0.61635106788622440     
  0.11917296121723567        8.5454778618204799        3.5362561269322392       0.62072411586218101     
  0.11917296121723579        8.5454778618204656        3.5362561269322326       0.62072411586218090     
  0.12932186242245877        8.4368701809543794        3.4667159637657829       0.61635106788622429     
  0.14754170101210001        8.2065545317041089        3.3210558946036732       0.60702500941903481     
  0.17163445355968190        7.8249766330407375        3.0856937625212093       0.59150855789625423     
  0.20047997231944237        7.2564956486944983        2.7460818518921397       0.56764628234556613     
  0.23408713036355464        6.4859019054241998        2.3001483969240284       0.53195725832680263     
  0.27330607059496098        5.5728278215552773        1.7806288470291323       0.47927970432043332     
  0.31982356825463087        4.5200449116554973        1.2099121736459557       0.40151553711094107     
  0.36976805439371652        4.4322509445519005       0.87784440457471125       0.29708755739126846     
  0.42732014044754491        2.4040995104316929        9.9999999998796340E-007   6.2393423960749317E-007
  0.46316007492416023        2.2954484474903118        9.9999999992354867E-007   6.5346708244540253E-007
  0.40244892517617997        3.7474280418519754       0.62875218256967347       0.25167348467308182     
  0.34957398669617573        4.0140721028060806       0.94990212168913157       0.35496452132427769     
  0.30168397763387095        4.9469602722602559        1.4414886417365838       0.43708314674153537     
  0.26170318531517373        5.8132291938872509        1.9240899654170063       0.49647706152035925     
  0.22824029503306256        6.6061726204218374        2.3720055618333271       0.53858846069977406     
  0.20047997231944242        7.2564956486945835        2.7460818518921717       0.56764628234556602     
  0.17827009573307812        7.7414947654452977        3.0291600140990300       0.58693316456530409     
  0.16227135733764053        8.0639753935898515        3.2184208376258820       0.59866641709700197     
  0.15373725590248319        8.2279354571736594        3.3142176450924015       0.60420095581866406     
  0.15373725590248322        8.2279354571736629        3.3142176450924024       0.60420095581866395     
  0.16227135733764059        8.0639753935898888        3.2184208376258971       0.59866641709700208     
  0.17827009573307806        7.7414947654452906        3.0291600140990291       0.58693316456530431     
  0.20047997231944237        7.2564956486945702        2.7460818518921672       0.56764628234556624     
  0.22824029503306251        6.6061726204218782        2.3720055618333422       0.53858846069977417     
  0.26170318531517361        5.8132291938872624        1.9240899654170098       0.49647706152035920     
  0.30168397763387111        4.9469602722602888        1.4414886417365931       0.43708314674153537     
  0.34957398669617562        4.0140721028061055       0.94990212168913835       0.35496452132427803     
  0.40244892517617981        3.7474280418519381       0.62875218256966814       0.25167348467308215     
  0.46316007492416017        2.2954484474903123        9.9999999992354888E-007   6.5346708244540253E-007
  0.50665590582795050        2.1842356777022296        9.9999999994057212E-007   6.8673908004690531E-007
  0.44277546748724889        3.1808155984022277       0.41877232175816070       0.19748346397470340     
  0.38676728210633365        3.5140190807852631       0.69364957512777570       0.29609240552534311     
  0.33711324637291312        4.2974655807757554        1.0918665657486746       0.38110831089596880     
  0.29579399728706185        5.0643687694068813        1.5095719195857511       0.44711552070561777     
  0.26170318531517361        5.8132291938872616        1.9240899654170120       0.49647706152035986     
  0.23408713036355447        6.4859019054242850        2.3001483969240608       0.53195725832680307     
  0.21267475310445111        7.0390749800806995        2.6100810980406650       0.55619831556562171     
  0.19776402781458219        7.4373355561238510        2.8322652146042206       0.57122578238496025     
  0.19002577927200856        7.6483888450050035        2.9491800934451105       0.57839242091577669     
  0.19002577927200853        7.6483888450049715        2.9491800934450976       0.57839242091577658     
  0.19776402781458213        7.4373355561237942        2.8322652146042002       0.57122578238496058     
  0.21267475310445105        7.0390749800807946        2.6100810980407005       0.55619831556562171     
  0.23408713036355441        6.4859019054242992        2.3001483969240657       0.53195725832680307     
  0.26170318531517339        5.8132291938873157        1.9240899654170298       0.49647706152035981     
  0.29579399728706174        5.0643687694069204        1.5095719195857638       0.44711552070561811     
  0.33711324637291318        4.2974655807757580        1.0918665657486761       0.38110831089596908     
  0.38676728210633354        3.5140190807852565       0.69364957512777414       0.29609240552534294     
  0.44277546748724883        3.1808155984022286       0.41877232175815965       0.19748346397470284     
  0.50665590582795073        2.1842356777022292        9.9999999994057191E-007   6.8673908004690531E-007
  0.55719700955909379        2.0768184137864916        9.9999999997696489E-007   7.2225861924568591E-007
  0.49073027268245822        2.7262029436241488       0.25029561228828645       0.13771660664899882     
  0.43185458345109334        3.0435805526992001       0.45925855421761974       0.22634125149587025     
  0.38023342069866056        3.6643264017593586       0.75863882856812537       0.31055045814308962     
  0.33711324637291290        4.2974655807757385        1.0918665657486712       0.38110831089596914     
  0.30168397763387084        4.9469602722603101        1.4414886417366015       0.43708314674153598     
  0.27330607059496070        5.5728278215553502        1.7806288470291580       0.47927970432043399     
  0.25167656002598743        6.1270878326844578        2.0798326574359449       0.50917321105009572     
  0.23690049063749713        6.5506193894341269        2.3066106574479730       0.52818150169931377     
  0.22934950061468107        6.7827692467125802        2.4299841373934625       0.53738761758065290     
  0.22934950061468115        6.7827692467125900        2.4299841373934652       0.53738761758065279     
  0.23690049063749705        6.5506193894341100        2.3066106574479677       0.52818150169931388     
  0.25167656002598732        6.1270878326844604        2.0798326574359463       0.50917321105009583     
  0.27330607059496065        5.5728278215553306        1.7806288470291518       0.47927970432043404     
  0.30168397763387073        4.9469602722603128        1.4414886417366026       0.43708314674153614     
  0.33711324637291296        4.2974655807757314        1.0918665657486697       0.38110831089596919     
  0.38023342069866045        3.6643264017593404       0.75863882856812082       0.31055045814308929     
  0.43185458345109307        3.0435805526992330       0.45925855421762385       0.22634125149586987     
  0.49073027268245811        2.7262029436241630       0.25029561228828856       0.13771660664899926     
  0.55719700955909379        2.0768184137864916        9.9999999997696489E-007   7.2225861924568591E-007
  0.61416973634960559        1.9769286314336729        1.0000000000164970E-006   7.5875273197745230E-007
  0.54626371251982986        2.3477033626832031       0.12274414796111988        7.8423971643185930E-002
  0.48530972570784969        2.5958668309108712       0.25929199544976717       0.14982971720401200     
  0.43185458345109307        3.0435805526992321       0.45925855421762474       0.22634125149587037     
  0.38676728210633327        3.5140190807852827       0.69364957512778003       0.29609240552534327     
  0.34957398669617529        4.0140721028061090       0.94990212168914123       0.35496452132427875     
  0.31982356825463026        4.5200449116555523        1.2099121736459726       0.40151553711094179     
  0.29728609212171075        4.9902218809072139        1.4493549813937021       0.43565847851545181     
  0.28202037378487782        5.3632760247556082        1.6371038859021421       0.45786489778234218     
  0.27427655411981700        5.5724047913540380        1.7413856320512680       0.46875245892576173     
  0.27427655411981711        5.5724047913540717        1.7413856320512791       0.46875245892576184     
  0.28202037378487771        5.3632760247555922        1.6371038859021370       0.45786489778234213     
  0.29728609212171064        4.9902218809072787        1.4493549813937201       0.43565847851545153     
  0.31982356825463032        4.5200449116555399        1.2099121736459695       0.40151553711094190     
  0.34957398669617512        4.0140721028061463       0.94990212168914989       0.35496452132427875     
  0.38676728210633327        3.5140190807852809       0.69364957512777925       0.29609240552534311     
  0.43185458345109295        3.0435805526992241       0.45925855421762263       0.22634125149586992     
  0.48530972570784953        2.5958668309108655       0.25929199544976544       0.14982971720401134     
  0.54626371251982986        2.3477033626831787       0.12274414796111816        7.8423971643185653E-002
  0.61416973634960570        1.9769286314336729        1.0000000000164970E-006   7.5875273197745230E-007
  0.67686184675618788        1.8864438184475270        9.9999999993419058E-007   7.9514692419291322E-007
  0.60864720968535702        2.1133036649171091        4.5109759875120899E-002   3.2018417862032800E-002
  0.54626371251983008        2.3477033626831894       0.12274414796111922        7.8423971643185986E-002
  0.49073027268245817        2.7262029436241688       0.25029561228828856       0.13771660664899898     
  0.44277546748724872        3.1808155984022188       0.41877232175815815       0.19748346397470276     
  0.40244892517617947        3.7474280418519679       0.62875218256967480       0.25167348467308287     
  0.36976805439371613        4.4322509445519254       0.87784440457471913       0.29708755739126946     
  0.34485199924754434        5.1942029145083293        1.1496298701583796       0.33199411605982687     
  0.32795190995062690        5.9068030192305256        1.3999008934448269       0.35549709941754348     
  0.31938548930390914        6.3573331330279306        1.5565587054303232       0.36726690410722990     
  0.31938548930390925        6.3573331330278711        1.5565587054303092       0.36726690410723006     
  0.32795190995062684        5.9068030192305612        1.3999008934448331       0.35549709941754293     
  0.34485199924754423        5.1942029145083559        1.1496298701583829       0.33199411605982609     
  0.36976805439371596        4.4322509445518712       0.87784440457470725       0.29708755739126907     
  0.40244892517617942        3.7474280418519683       0.62875218256967391       0.25167348467308248     
  0.44277546748724855        3.1808155984022455       0.41877232175816304       0.19748346397470340     
  0.49073027268245806        2.7262029436241644       0.25029561228828756       0.13771660664899865     
  0.54626371251982975        2.3477033626831822       0.12274414796111817        7.8423971643185542E-002
  0.60864720968535679        2.1133036649170869        4.5109759875119962E-002   3.2018417862032467E-002
  0.67686184675618788        1.8864438184475270        9.9999999993419058E-007   7.9514692419291322E-007
  0.74437513286105250        1.8060451961820145        1.0000000000322552E-006   8.3054399924176181E-007
  0.67686184675618777        1.8864438184475270        9.9999999993419058E-007   7.9514692419291322E-007
  0.61416973634960570        1.9769286314336729        1.0000000000164970E-006   7.5875273197745230E-007
  0.55719700955909346        2.0768184137864925        9.9999999997696532E-007   7.2225861924568591E-007
  0.50665590582795039        2.1842356777022296        9.9999999994057212E-007   6.8673908004690531E-007
  0.46316007492416006        2.2954484474903127        1.0000000000084978E-006   6.5346708250091368E-007
  0.42732014044754463        2.4040995104316938        9.9999999998796383E-007   6.2393423960749317E-007
  0.39974481636188297        2.5009575495203644        1.0000000000112947E-006   5.9977027611068934E-007
  0.38099199555402069        2.5748362354109515        9.9999999999222102E-007   5.8256132151601747E-007
  0.37149601413672539        2.6150913527141531        9.9999999999335413E-007   5.7359372873655445E-007
  0.37149601413672534        2.6150913527141535        9.9999999999335435E-007   5.7359372873655445E-007
  0.38099199555402063        2.5748362354109520        9.9999999999222123E-007   5.8256132151601747E-007
  0.39974481636188314        2.5009575495203640        1.0000000000112947E-006   5.9977027611068934E-007
  0.42732014044754468        2.4040995104316938        9.9999999998796383E-007   6.2393423960749317E-007
  0.46316007492416000        2.2954484474903127        9.9999999992354909E-007   6.5346708244540253E-007
  0.50665590582795050        2.1842356777022296        9.9999999994057212E-007   6.8673908004690531E-007
  0.55719700955909346        2.0768184137864925        9.9999999997696532E-007   7.2225861924568591E-007
  0.61416973634960559        1.9769286314336729        1.0000000000164970E-006   7.5875273197745230E-007
  0.67686184675618799        1.8864438184475270        9.9999999993419058E-007   7.9514692419291322E-007
  0.74437513286105239        1.8060451961820145        1.0000000000322552E-006   8.3054399924176181E-007
