  -8.770478E-01    -8.770478E-01     7.071068E-01     7.071068E-01     1.083242E+00     1.000000E-06     1.384733E-06
  -7.812203E-01    -8.731392E-01     6.667904E-01     7.452453E-01     1.088124E+00     1.000000E-06     1.378519E-06
  -6.860864E-01    -8.690713E-01     6.196318E-01     7.848927E-01     1.093247E+00     1.000000E-06     1.372060E-06
  -5.917595E-01    -8.649263E-01     5.646630E-01     8.253216E-01     1.098520E+00     1.000000E-06     1.365474E-06
  -4.983317E-01    -8.608180E-01     5.010087E-01     8.654422E-01     1.103802E+00     1.000000E-06     1.358939E-06
  -4.058642E-01    -8.569036E-01     4.280540E-01     9.037531E-01     1.108892E+00     1.000000E-06     1.352701E-06
  -3.143678E-01    -8.533777E-01     3.456720E-01     9.383554E-01     1.113528E+00     1.000000E-06     1.347069E-06
  -2.237774E-01    -8.504591E-01     2.544639E-01     9.670823E-01     1.117406E+00     1.000000E-06     1.342395E-06
  -1.339342E-01    -8.483636E-01     1.559422E-01     9.877662E-01     1.120213E+00     1.000000E-06     1.339031E-06
  -4.458677E-02    -8.472664E-01     5.255155E-02     9.986182E-01     1.121691E+00     1.000000E-06     1.337267E-06
   4.458677E-02    -8.472664E-01    -5.255155E-02     9.986182E-01     1.121691E+00     1.000000E-06     1.337267E-06
   1.339342E-01    -8.483636E-01    -1.559422E-01     9.877662E-01     1.120213E+00     1.000000E-06     1.339031E-06
   2.237774E-01    -8.504591E-01    -2.544639E-01     9.670823E-01     1.117406E+00     1.000000E-06     1.342395E-06
   3.143678E-01    -8.533777E-01    -3.456720E-01     9.383554E-01     1.113528E+00     1.000000E-06     1.347069E-06
   4.058642E-01    -8.569036E-01    -4.280540E-01     9.037531E-01     1.108892E+00     1.000000E-06     1.352701E-06
   4.983317E-01    -8.608180E-01    -5.010087E-01     8.654422E-01     1.103802E+00     1.000000E-06     1.358939E-06
   5.917595E-01    -8.649263E-01    -5.646630E-01     8.253216E-01     1.098520E+00     1.000000E-06     1.365474E-06
   6.860864E-01    -8.690713E-01    -6.196318E-01     7.848927E-01     1.093247E+00     1.000000E-06     1.372060E-06
   7.812203E-01    -8.731392E-01    -6.667904E-01     7.452453E-01     1.088124E+00     1.000000E-06     1.378519E-06
   8.770478E-01    -8.770478E-01    -7.071068E-01     7.071068E-01     1.083242E+00     1.000000E-06     1.384733E-06
  -8.731392E-01    -7.812203E-01     7.452453E-01     6.667904E-01     1.088124E+00     1.000000E-06     1.378519E-06
  -7.771170E-01    -7.771170E-01     7.065086E-01     7.065086E-01     1.094085E+00     4.833474E-04     6.626733E-04
  -6.818196E-01    -7.727450E-01     6.612359E-01     7.487453E-01     1.100364E+00     6.404309E-04     8.730261E-04
  -5.874222E-01    -7.681894E-01     6.066590E-01     7.932420E-01     1.107138E+00     8.190284E-04     1.109656E-03
  -4.940688E-01    -7.635706E-01     5.418346E-01     8.383804E-01     1.114022E+00     1.062976E-03     1.431268E-03
  -4.018693E-01    -7.590717E-01     4.657624E-01     8.823132E-01     1.120886E+00     1.389127E-03     1.858967E-03
  -3.108766E-01    -7.549350E-01     3.780726E-01     9.226026E-01     1.127371E+00     1.791395E-03     2.383504E-03
  -2.210423E-01    -7.514499E-01     2.794195E-01     9.564023E-01     1.132983E+00     2.226354E-03     2.947557E-03
  -1.321847E-01    -7.489138E-01     1.716871E-01     9.808835E-01     1.137165E+00     2.609264E-03     3.441800E-03
  -4.398420E-02    -7.475746E-01     5.793311E-02     9.937624E-01     1.139412E+00     2.837210E-03     3.735097E-03
   4.398420E-02    -7.475746E-01    -5.793311E-02     9.937624E-01     1.139412E+00     2.837210E-03     3.735097E-03
   1.321847E-01    -7.489138E-01    -1.716871E-01     9.808835E-01     1.137165E+00     2.609264E-03     3.441800E-03
   2.210423E-01    -7.514499E-01    -2.794195E-01     9.564023E-01     1.132983E+00     2.226354E-03     2.947557E-03
   3.108766E-01    -7.549350E-01    -3.780726E-01     9.226026E-01     1.127371E+00     1.791395E-03     2.383504E-03
   4.018693E-01    -7.590717E-01    -4.657624E-01     8.823132E-01     1.120886E+00     1.389127E-03     1.858967E-03
   4.940688E-01    -7.635706E-01    -5.418346E-01     8.383804E-01     1.114022E+00     1.062976E-03     1.431268E-03
   5.874222E-01    -7.681894E-01    -6.066590E-01     7.932420E-01     1.107138E+00     8.190284E-04     1.109656E-03
   6.818196E-01    -7.727450E-01    -6.612359E-01     7.487453E-01     1.100364E+00     6.404309E-04     8.730261E-04
   7.771170E-01    -7.771170E-01    -7.065086E-01     7.065086E-01     1.094085E+00     4.833474E-04     6.626733E-04
   8.731392E-01    -7.812203E-01    -7.452453E-01     6.667904E-01     1.088124E+00     1.000000E-06     1.378519E-06
  -8.690713E-01    -6.860864E-01     7.848927E-01     6.196318E-01     1.093247E+00     1.000000E-06     1.372060E-06
  -7.727450E-01    -6.818196E-01     7.487453E-01     6.612359E-01     1.100364E+00     6.404309E-04     8.730261E-04
  -6.771717E-01    -6.771717E-01     7.061732E-01     7.061732E-01     1.107955E+00     8.477160E-04     1.147677E-03
  -5.825796E-01    -6.722017E-01     6.533652E-01     7.548201E-01     1.116500E+00     1.091638E-03     1.466598E-03
  -4.891804E-01    -6.670223E-01     5.887557E-01     8.055915E-01     1.125438E+00     1.436188E-03     1.914171E-03
  -3.971628E-01    -6.618324E-01     5.105588E-01     8.564604E-01     1.134567E+00     1.918425E-03     2.536332E-03
  -3.066588E-01    -6.569279E-01     4.177328E-01     9.043763E-01     1.143340E+00     2.543633E-03     3.337108E-03
  -2.176682E-01    -6.526953E-01     3.106961E-01     9.454535E-01     1.150997E+00     3.249045E-03     4.234215E-03
  -1.299941E-01    -6.495571E-01     1.917283E-01     9.756518E-01     1.156703E+00     3.887727E-03     5.041564E-03
  -4.322390E-02    -6.478806E-01     6.483381E-02     9.916688E-01     1.159754E+00     4.273092E-03     5.526721E-03
   4.322390E-02    -6.478806E-01    -6.483381E-02     9.916688E-01     1.159754E+00     4.273092E-03     5.526721E-03
   1.299941E-01    -6.495571E-01    -1.917283E-01     9.756518E-01     1.156703E+00     3.887727E-03     5.041564E-03
   2.176682E-01    -6.526953E-01    -3.106961E-01     9.454535E-01     1.150997E+00     3.249045E-03     4.234215E-03
   3.066588E-01    -6.569279E-01    -4.177328E-01     9.043763E-01     1.143340E+00     2.543633E-03     3.337108E-03
   3.971628E-01    -6.618324E-01    -5.105588E-01     8.564604E-01     1.134567E+00     1.918425E-03     2.536332E-03
   4.891804E-01    -6.670223E-01    -5.887557E-01     8.055915E-01     1.125438E+00     1.436188E-03     1.914171E-03
   5.825796E-01    -6.722017E-01    -6.533652E-01     7.548201E-01     1.116500E+00     1.091638E-03     1.466598E-03
   6.771717E-01    -6.771717E-01    -7.061732E-01     7.061732E-01     1.107955E+00     8.477160E-04     1.147677E-03
   7.727450E-01    -6.818196E-01    -7.487453E-01     6.612359E-01     1.100364E+00     6.404309E-04     8.730261E-04
   8.690713E-01    -6.860864E-01    -7.848927E-01     6.196318E-01     1.093247E+00     1.000000E-06     1.372060E-06
  -8.649263E-01    -5.917595E-01     8.253216E-01     5.646630E-01     1.098520E+00     1.000000E-06     1.365474E-06
  -7.681894E-01    -5.874222E-01     7.932420E-01     6.066590E-01     1.107138E+00     8.190284E-04     1.109656E-03
  -6.722017E-01    -5.825796E-01     7.548201E-01     6.533652E-01     1.116500E+00     1.091638E-03     1.466598E-03
  -5.772458E-01    -5.772458E-01     7.055691E-01     7.055691E-01     1.127328E+00     1.424943E-03     1.896000E-03
  -4.836145E-01    -5.714996E-01     6.430852E-01     7.619908E-01     1.139137E+00     1.915914E-03     2.522850E-03
  -3.916139E-01    -5.655293E-01     5.643190E-01     8.207159E-01     1.151732E+00     2.649362E-03     3.450495E-03
  -3.015169E-01    -5.596762E-01     4.668825E-01     8.781189E-01     1.164351E+00     3.678722E-03     4.739194E-03
  -2.134364E-01    -5.544532E-01     3.504297E-01     9.288547E-01     1.175726E+00     4.931437E-03     6.291563E-03
  -1.271905E-01    -5.504776E-01     2.176025E-01     9.669289E-01     1.184355E+00     6.133888E-03     7.768641E-03
  -4.224063E-02    -5.483183E-01     7.381291E-02     9.873448E-01     1.188996E+00     6.885456E-03     8.686478E-03
   4.224063E-02    -5.483183E-01    -7.381291E-02     9.873448E-01     1.188996E+00     6.885456E-03     8.686478E-03
   1.271905E-01    -5.504776E-01    -2.176025E-01     9.669289E-01     1.184355E+00     6.133888E-03     7.768641E-03
   2.134364E-01    -5.544532E-01    -3.504297E-01     9.288547E-01     1.175726E+00     4.931437E-03     6.291563E-03
   3.015169E-01    -5.596762E-01    -4.668825E-01     8.781189E-01     1.164351E+00     3.678722E-03     4.739194E-03
   3.916139E-01    -5.655293E-01    -5.643190E-01     8.207159E-01     1.151732E+00     2.649362E-03     3.450495E-03
   4.836145E-01    -5.714996E-01    -6.430852E-01     7.619908E-01     1.139137E+00     1.915914E-03     2.522850E-03
   5.772458E-01    -5.772458E-01    -7.055691E-01     7.055691E-01     1.127328E+00     1.424943E-03     1.896000E-03
   6.722017E-01    -5.825796E-01    -7.548201E-01     6.533652E-01     1.116500E+00     1.091638E-03     1.466598E-03
   7.681894E-01    -5.874222E-01    -7.932420E-01     6.066590E-01     1.107138E+00     8.190284E-04     1.109656E-03
   8.649263E-01    -5.917595E-01    -8.253216E-01     5.646630E-01     1.098520E+00     1.000000E-06     1.365474E-06
  -8.608180E-01    -4.983317E-01     8.654422E-01     5.010087E-01     1.103802E+00     1.000000E-06     1.358939E-06
  -7.635706E-01    -4.940688E-01     8.383804E-01     5.418346E-01     1.114022E+00     1.062976E-03     1.431268E-03
  -6.670223E-01    -4.891804E-01     8.055915E-01     5.887557E-01     1.125438E+00     1.436188E-03     1.914171E-03
  -5.714996E-01    -4.836145E-01     7.619908E-01     6.430852E-01     1.139137E+00     1.915914E-03     2.522850E-03
  -4.773797E-01    -4.773797E-01     7.042616E-01     7.042616E-01     1.154882E+00     2.653098E-03     3.445933E-03
  -3.851234E-01    -4.706020E-01     6.275550E-01     7.711058E-01     1.172743E+00     3.837742E-03     4.908673E-03
  -2.952355E-01    -4.636281E-01     5.270040E-01     8.398195E-01     1.191901E+00     5.675387E-03     7.142441E-03
  -2.080688E-01    -4.571170E-01     4.003853E-01     9.031024E-01     1.210266E+00     8.163126E-03     1.011735E-02
  -1.235386E-01    -4.519808E-01     2.506008E-01     9.517482E-01     1.224757E+00     1.078864E-02     1.321320E-02
  -4.094265E-02    -4.491287E-01     8.532276E-02     9.780777E-01     1.232663E+00     1.253944E-02     1.525896E-02
   4.094265E-02    -4.491287E-01    -8.532276E-02     9.780777E-01     1.232663E+00     1.253944E-02     1.525896E-02
   1.235386E-01    -4.519808E-01    -2.506008E-01     9.517482E-01     1.224757E+00     1.078864E-02     1.321320E-02
   2.080688E-01    -4.571170E-01    -4.003853E-01     9.031024E-01     1.210266E+00     8.163126E-03     1.011735E-02
   2.952355E-01    -4.636281E-01    -5.270040E-01     8.398195E-01     1.191901E+00     5.675387E-03     7.142441E-03
   3.851234E-01    -4.706020E-01    -6.275550E-01     7.711058E-01     1.172743E+00     3.837742E-03     4.908673E-03
   4.773797E-01    -4.773797E-01    -7.042616E-01     7.042616E-01     1.154882E+00     2.653098E-03     3.445933E-03
   5.714996E-01    -4.836145E-01    -7.619908E-01     6.430852E-01     1.139137E+00     1.915914E-03     2.522850E-03
   6.670223E-01    -4.891804E-01    -8.055915E-01     5.887557E-01     1.125438E+00     1.436188E-03     1.914171E-03
   7.635706E-01    -4.940688E-01    -8.383804E-01     5.418346E-01     1.114022E+00     1.062976E-03     1.431268E-03
   8.608180E-01    -4.983317E-01    -8.654422E-01     5.010087E-01     1.103802E+00     1.000000E-06     1.358939E-06
  -8.569036E-01    -4.058642E-01     9.037531E-01     4.280540E-01     1.108892E+00     1.000000E-06     1.352701E-06
  -7.590717E-01    -4.018693E-01     8.823132E-01     4.657624E-01     1.120886E+00     1.389127E-03     1.858967E-03
  -6.618324E-01    -3.971628E-01     8.564604E-01     5.105588E-01     1.134567E+00     1.918425E-03     2.536332E-03
  -5.655293E-01    -3.916139E-01     8.207159E-01     5.643190E-01     1.151732E+00     2.649362E-03     3.450495E-03
  -4.706020E-01    -3.851234E-01     7.711058E-01     6.275550E-01     1.172743E+00     3.837742E-03     4.908673E-03
  -3.776794E-01    -3.776794E-01     7.006676E-01     7.006676E-01     1.198768E+00     5.955788E-03     7.452384E-03
  -2.876147E-01    -3.695476E-01     6.002099E-01     7.804398E-01     1.230271E+00     9.900174E-03     1.207073E-02
  -2.012319E-01    -3.615187E-01     4.629810E-01     8.564996E-01     1.264739E+00     1.685064E-02     1.998512E-02
  -1.187309E-01    -3.549106E-01     2.919685E-01     9.144002E-01     1.294759E+00     2.641567E-02     3.060299E-02
  -3.920684E-02    -3.511466E-01     9.961451E-02     9.447541E-01     1.311863E+00     3.386908E-02     3.872630E-02
   3.920684E-02    -3.511466E-01    -9.961451E-02     9.447541E-01     1.311863E+00     3.386908E-02     3.872630E-02
   1.187309E-01    -3.549106E-01    -2.919685E-01     9.144002E-01     1.294759E+00     2.641567E-02     3.060299E-02
   2.012319E-01    -3.615187E-01    -4.629810E-01     8.564996E-01     1.264739E+00     1.685064E-02     1.998512E-02
   2.876147E-01    -3.695476E-01    -6.002099E-01     7.804398E-01     1.230271E+00     9.900174E-03     1.207073E-02
   3.776794E-01    -3.776794E-01    -7.006676E-01     7.006676E-01     1.198768E+00     5.955788E-03     7.452384E-03
   4.706020E-01    -3.851234E-01    -7.711058E-01     6.275550E-01     1.172743E+00     3.837742E-03     4.908673E-03
   5.655293E-01    -3.916139E-01    -8.207159E-01     5.643190E-01     1.151732E+00     2.649362E-03     3.450495E-03
   6.618324E-01    -3.971628E-01    -8.564604E-01     5.105588E-01     1.134567E+00     1.918425E-03     2.536332E-03
   7.590717E-01    -4.018693E-01    -8.823132E-01     4.657624E-01     1.120886E+00     1.389127E-03     1.858967E-03
   8.569036E-01    -4.058642E-01    -9.037531E-01     4.280540E-01     1.108892E+00     1.000000E-06     1.352701E-06
  -8.533777E-01    -3.143678E-01     9.383554E-01     3.456720E-01     1.113528E+00     1.000000E-06     1.347069E-06
  -7.549350E-01    -3.108766E-01     9.226026E-01     3.780726E-01     1.127371E+00     1.791395E-03     2.383504E-03
  -6.569279E-01    -3.066588E-01     9.043763E-01     4.177328E-01     1.143340E+00     2.543633E-03     3.337108E-03
  -5.596762E-01    -3.015169E-01     8.781189E-01     4.668825E-01     1.164351E+00     3.678722E-03     4.739194E-03
  -4.636281E-01    -2.952355E-01     8.398195E-01     5.270040E-01     1.191901E+00     5.675387E-03     7.142441E-03
  -3.695476E-01    -2.876147E-01     7.804398E-01     6.002099E-01     1.230271E+00     9.900174E-03     1.207073E-02
  -2.787495E-01    -2.787495E-01     6.828043E-01     6.828043E-01     1.286001E+00     2.130210E-02     2.484690E-02
  -1.928444E-01    -2.694807E-01     5.299134E-01     7.561184E-01     1.359496E+00     5.138824E-02     5.669922E-02
  -1.126165E-01    -2.615139E-01     3.307418E-01     8.016336E-01     1.432306E+00     9.946739E-02     1.041684E-01
  -3.695991E-02    -2.568506E-01     1.116879E-01     8.212279E-01     1.476279E+00     1.360238E-01     1.382095E-01
   3.695991E-02    -2.568506E-01    -1.116879E-01     8.212279E-01     1.476279E+00     1.360238E-01     1.382095E-01
   1.126165E-01    -2.615139E-01    -3.307418E-01     8.016336E-01     1.432306E+00     9.946739E-02     1.041684E-01
   1.928444E-01    -2.694807E-01    -5.299134E-01     7.561184E-01     1.359496E+00     5.138824E-02     5.669922E-02
   2.787495E-01    -2.787495E-01    -6.828043E-01     6.828043E-01     1.286001E+00     2.130210E-02     2.484690E-02
   3.695476E-01    -2.876147E-01    -7.804398E-01     6.002099E-01     1.230271E+00     9.900174E-03     1.207073E-02
   4.636281E-01    -2.952355E-01    -8.398195E-01     5.270040E-01     1.191901E+00     5.675387E-03     7.142441E-03
   5.596762E-01    -3.015169E-01    -8.781189E-01     4.668825E-01     1.164351E+00     3.678722E-03     4.739194E-03
   6.569279E-01    -3.066588E-01    -9.043763E-01     4.177328E-01     1.143340E+00     2.543633E-03     3.337108E-03
   7.549350E-01    -3.108766E-01    -9.226026E-01     3.780726E-01     1.127371E+00     1.791395E-03     2.383504E-03
   8.533777E-01    -3.143678E-01    -9.383554E-01     3.456720E-01     1.113528E+00     1.000000E-06     1.347069E-06
  -8.504591E-01    -2.237774E-01     9.670823E-01     2.544639E-01     1.117406E+00     1.000000E-06     1.342395E-06
  -7.514499E-01    -2.210423E-01     9.564023E-01     2.794195E-01     1.132983E+00     2.226354E-03     2.947557E-03
  -6.526953E-01    -2.176682E-01     9.454535E-01     3.106961E-01     1.150997E+00     3.249045E-03     4.234215E-03
  -5.544532E-01    -2.134364E-01     9.288547E-01     3.504297E-01     1.175726E+00     4.931437E-03     6.291563E-03
  -4.571170E-01    -2.080688E-01     9.031024E-01     4.003853E-01     1.210266E+00     8.163126E-03     1.011735E-02
  -3.615187E-01    -2.012319E-01     8.564996E-01     4.629810E-01     1.264739E+00     1.685064E-02     1.998512E-02
  -2.694807E-01    -1.928444E-01     7.561184E-01     5.299134E-01     1.359496E+00     5.138824E-02     5.669922E-02
  -1.836101E-01    -1.836101E-01     5.734603E-01     5.734603E-01     1.506437E+00     1.507719E-01     1.501276E-01
  -1.055754E-01    -1.752713E-01     3.460909E-01     5.884709E-01     1.673016E+00     2.907897E-01     2.607175E-01
  -3.429645E-02    -1.702079E-01     1.143301E-01     5.910176E-01     1.785916E+00     3.900070E-01     3.275688E-01
   3.429645E-02    -1.702079E-01    -1.143301E-01     5.910176E-01     1.785916E+00     3.900070E-01     3.275688E-01
   1.055754E-01    -1.752713E-01    -3.460909E-01     5.884709E-01     1.673016E+00     2.907897E-01     2.607175E-01
   1.836101E-01    -1.836101E-01    -5.734603E-01     5.734603E-01     1.506437E+00     1.507719E-01     1.501276E-01
   2.694807E-01    -1.928444E-01    -7.561184E-01     5.299134E-01     1.359496E+00     5.138824E-02     5.669922E-02
   3.615187E-01    -2.012319E-01    -8.564996E-01     4.629810E-01     1.264739E+00     1.685064E-02     1.998512E-02
   4.571170E-01    -2.080688E-01    -9.031024E-01     4.003853E-01     1.210266E+00     8.163126E-03     1.011735E-02
   5.544532E-01    -2.134364E-01    -9.288547E-01     3.504297E-01     1.175726E+00     4.931437E-03     6.291563E-03
   6.526953E-01    -2.176682E-01    -9.454535E-01     3.106961E-01     1.150997E+00     3.249045E-03     4.234215E-03
   7.514499E-01    -2.210423E-01    -9.564023E-01     2.794195E-01     1.132983E+00     2.226354E-03     2.947557E-03
   8.504591E-01    -2.237774E-01    -9.670823E-01     2.544639E-01     1.117406E+00     1.000000E-06     1.342395E-06
  -8.483636E-01    -1.339342E-01     9.877662E-01     1.559422E-01     1.120213E+00     1.000000E-06     1.339031E-06
  -7.489138E-01    -1.321847E-01     9.808835E-01     1.716871E-01     1.137165E+00     2.609264E-03     3.441800E-03
  -6.495571E-01    -1.299941E-01     9.756518E-01     1.917283E-01     1.156703E+00     3.887727E-03     5.041564E-03
  -5.504776E-01    -1.271905E-01     9.669289E-01     2.176025E-01     1.184355E+00     6.133888E-03     7.768641E-03
  -4.519808E-01    -1.235386E-01     9.517482E-01     2.506008E-01     1.224757E+00     1.078864E-02     1.321320E-02
  -3.549106E-01    -1.187309E-01     9.144002E-01     2.919685E-01     1.294759E+00     2.641567E-02     3.060299E-02
  -2.615139E-01    -1.126165E-01     8.016336E-01     3.307418E-01     1.432306E+00     9.946739E-02     1.041684E-01
  -1.752713E-01    -1.055754E-01     5.884709E-01     3.460909E-01     1.673016E+00     2.907897E-01     2.607175E-01
  -9.876733E-02    -9.876733E-02     3.427150E-01     3.427150E-01     1.995541E+00     5.520797E-01     4.149849E-01
  -3.156546E-02    -9.441952E-02     1.099518E-01     3.357873E-01     2.279042E+00     7.589644E-01     4.995285E-01
   3.156546E-02    -9.441952E-02    -1.099518E-01     3.357873E-01     2.279042E+00     7.589644E-01     4.995285E-01
   9.876733E-02    -9.876733E-02    -3.427150E-01     3.427150E-01     1.995541E+00     5.520797E-01     4.149849E-01
   1.752713E-01    -1.055754E-01    -5.884709E-01     3.460909E-01     1.673016E+00     2.907897E-01     2.607175E-01
   2.615139E-01    -1.126165E-01    -8.016336E-01     3.307418E-01     1.432306E+00     9.946739E-02     1.041684E-01
   3.549106E-01    -1.187309E-01    -9.144002E-01     2.919685E-01     1.294759E+00     2.641567E-02     3.060299E-02
   4.519808E-01    -1.235386E-01    -9.517482E-01     2.506008E-01     1.224757E+00     1.078864E-02     1.321320E-02
   5.504776E-01    -1.271905E-01    -9.669289E-01     2.176025E-01     1.184355E+00     6.133888E-03     7.768641E-03
   6.495571E-01    -1.299941E-01    -9.756518E-01     1.917283E-01     1.156703E+00     3.887727E-03     5.041564E-03
   7.489138E-01    -1.321847E-01    -9.808835E-01     1.716871E-01     1.137165E+00     2.609264E-03     3.441800E-03
   8.483636E-01    -1.339342E-01    -9.877662E-01     1.559422E-01     1.120213E+00     1.000000E-06     1.339031E-06
  -8.472664E-01    -4.458677E-02     9.986182E-01     5.255155E-02     1.121691E+00     1.000000E-06     1.337267E-06
  -7.475746E-01    -4.398420E-02     9.937624E-01     5.793311E-02     1.139412E+00     2.837210E-03     3.735097E-03
  -6.478806E-01    -4.322390E-02     9.916688E-01     6.483381E-02     1.159754E+00     4.273092E-03     5.526721E-03
  -5.483183E-01    -4.224063E-02     9.873448E-01     7.381291E-02     1.188996E+00     6.885456E-03     8.686478E-03
  -4.491287E-01    -4.094265E-02     9.780777E-01     8.532276E-02     1.232663E+00     1.253944E-02     1.525896E-02
  -3.511466E-01    -3.920684E-02     9.447541E-01     9.961451E-02     1.311863E+00     3.386908E-02     3.872630E-02
  -2.568506E-01    -3.695991E-02     8.212279E-01     1.116879E-01     1.476279E+00     1.360238E-01     1.382095E-01
  -1.702079E-01    -3.429645E-02     5.910176E-01     1.143301E-01     1.785916E+00     3.900070E-01     3.275688E-01
  -9.441952E-02    -3.156546E-02     3.357873E-01     1.099518E-01     2.279042E+00     7.589644E-01     4.995285E-01
  -2.973758E-02    -2.973758E-02     1.050832E-01     1.050832E-01     2.868650E+00     1.125485E+00     5.885093E-01
   2.973758E-02    -2.973758E-02    -1.050832E-01     1.050832E-01     2.868650E+00     1.125485E+00     5.885093E-01
   9.441952E-02    -3.156546E-02    -3.357873E-01     1.099518E-01     2.279042E+00     7.589644E-01     4.995285E-01
   1.702079E-01    -3.429645E-02    -5.910176E-01     1.143301E-01     1.785916E+00     3.900070E-01     3.275688E-01
   2.568506E-01    -3.695991E-02    -8.212279E-01     1.116879E-01     1.476279E+00     1.360238E-01     1.382095E-01
   3.511466E-01    -3.920684E-02    -9.447541E-01     9.961451E-02     1.311863E+00     3.386908E-02     3.872630E-02
   4.491287E-01    -4.094265E-02    -9.780777E-01     8.532276E-02     1.232663E+00     1.253944E-02     1.525896E-02
   5.483183E-01    -4.224063E-02    -9.873448E-01     7.381291E-02     1.188996E+00     6.885456E-03     8.686478E-03
   6.478806E-01    -4.322390E-02    -9.916688E-01     6.483381E-02     1.159754E+00     4.273092E-03     5.526721E-03
   7.475746E-01    -4.398420E-02    -9.937624E-01     5.793311E-02     1.139412E+00     2.837210E-03     3.735097E-03
   8.472664E-01    -4.458677E-02    -9.986182E-01     5.255155E-02     1.121691E+00     1.000000E-06     1.337267E-06
  -8.472664E-01     4.458677E-02     9.986182E-01    -5.255155E-02     1.121691E+00     1.000000E-06     1.337267E-06
  -7.475746E-01     4.398420E-02     9.937624E-01    -5.793311E-02     1.139412E+00     2.837210E-03     3.735097E-03
  -6.478806E-01     4.322390E-02     9.916688E-01    -6.483381E-02     1.159754E+00     4.273092E-03     5.526721E-03
  -5.483183E-01     4.224063E-02     9.873448E-01    -7.381291E-02     1.188996E+00     6.885456E-03     8.686478E-03
  -4.491287E-01     4.094265E-02     9.780777E-01    -8.532276E-02     1.232663E+00     1.253944E-02     1.525896E-02
  -3.511466E-01     3.920684E-02     9.447541E-01    -9.961451E-02     1.311863E+00     3.386908E-02     3.872630E-02
  -2.568506E-01     3.695991E-02     8.212279E-01    -1.116879E-01     1.476279E+00     1.360238E-01     1.382095E-01
  -1.702079E-01     3.429645E-02     5.910176E-01    -1.143301E-01     1.785916E+00     3.900070E-01     3.275688E-01
  -9.441952E-02     3.156546E-02     3.357873E-01    -1.099518E-01     2.279042E+00     7.589644E-01     4.995285E-01
  -2.973758E-02     2.973758E-02     1.050832E-01    -1.050832E-01     2.868650E+00     1.125485E+00     5.885093E-01
   2.973758E-02     2.973758E-02    -1.050832E-01    -1.050832E-01     2.868650E+00     1.125485E+00     5.885093E-01
   9.441952E-02     3.156546E-02    -3.357873E-01    -1.099518E-01     2.279042E+00     7.589644E-01     4.995285E-01
   1.702079E-01     3.429645E-02    -5.910176E-01    -1.143301E-01     1.785916E+00     3.900070E-01     3.275688E-01
   2.568506E-01     3.695991E-02    -8.212279E-01    -1.116879E-01     1.476279E+00     1.360238E-01     1.382095E-01
   3.511466E-01     3.920684E-02    -9.447541E-01    -9.961451E-02     1.311863E+00     3.386908E-02     3.872630E-02
   4.491287E-01     4.094265E-02    -9.780777E-01    -8.532276E-02     1.232663E+00     1.253944E-02     1.525896E-02
   5.483183E-01     4.224063E-02    -9.873448E-01    -7.381291E-02     1.188996E+00     6.885456E-03     8.686478E-03
   6.478806E-01     4.322390E-02    -9.916688E-01    -6.483381E-02     1.159754E+00     4.273092E-03     5.526721E-03
   7.475746E-01     4.398420E-02    -9.937624E-01    -5.793311E-02     1.139412E+00     2.837210E-03     3.735097E-03
   8.472664E-01     4.458677E-02    -9.986182E-01    -5.255155E-02     1.121691E+00     1.000000E-06     1.337267E-06
  -8.483636E-01     1.339342E-01     9.877662E-01    -1.559422E-01     1.120213E+00     1.000000E-06     1.339031E-06
  -7.489138E-01     1.321847E-01     9.808835E-01    -1.716871E-01     1.137165E+00     2.609264E-03     3.441800E-03
  -6.495571E-01     1.299941E-01     9.756518E-01    -1.917283E-01     1.156703E+00     3.887727E-03     5.041564E-03
  -5.504776E-01     1.271905E-01     9.669289E-01    -2.176025E-01     1.184355E+00     6.133888E-03     7.768641E-03
  -4.519808E-01     1.235386E-01     9.517482E-01    -2.506008E-01     1.224757E+00     1.078864E-02     1.321320E-02
  -3.549106E-01     1.187309E-01     9.144002E-01    -2.919685E-01     1.294759E+00     2.641567E-02     3.060299E-02
  -2.615139E-01     1.126165E-01     8.016336E-01    -3.307418E-01     1.432306E+00     9.946739E-02     1.041684E-01
  -1.752713E-01     1.055754E-01     5.884709E-01    -3.460909E-01     1.673016E+00     2.907897E-01     2.607175E-01
  -9.876733E-02     9.876733E-02     3.427150E-01    -3.427150E-01     1.995541E+00     5.520797E-01     4.149849E-01
  -3.156546E-02     9.441952E-02     1.099518E-01    -3.357873E-01     2.279042E+00     7.589644E-01     4.995285E-01
   3.156546E-02     9.441952E-02    -1.099518E-01    -3.357873E-01     2.279042E+00     7.589644E-01     4.995285E-01
   9.876733E-02     9.876733E-02    -3.427150E-01    -3.427150E-01     1.995541E+00     5.520797E-01     4.149849E-01
   1.752713E-01     1.055754E-01    -5.884709E-01    -3.460909E-01     1.673016E+00     2.907897E-01     2.607175E-01
   2.615139E-01     1.126165E-01    -8.016336E-01    -3.307418E-01     1.432306E+00     9.946739E-02     1.041684E-01
   3.549106E-01     1.187309E-01    -9.144002E-01    -2.919685E-01     1.294759E+00     2.641567E-02     3.060299E-02
   4.519808E-01     1.235386E-01    -9.517482E-01    -2.506008E-01     1.224757E+00     1.078864E-02     1.321320E-02
   5.504776E-01     1.271905E-01    -9.669289E-01    -2.176025E-01     1.184355E+00     6.133888E-03     7.768641E-03
   6.495571E-01     1.299941E-01    -9.756518E-01    -1.917283E-01     1.156703E+00     3.887727E-03     5.041564E-03
   7.489138E-01     1.321847E-01    -9.808835E-01    -1.716871E-01     1.137165E+00     2.609264E-03     3.441800E-03
   8.483636E-01     1.339342E-01    -9.877662E-01    -1.559422E-01     1.120213E+00     1.000000E-06     1.339031E-06
  -8.504591E-01     2.237774E-01     9.670823E-01    -2.544639E-01     1.117406E+00     1.000000E-06     1.342395E-06
  -7.514499E-01     2.210423E-01     9.564023E-01    -2.794195E-01     1.132983E+00     2.226354E-03     2.947557E-03
  -6.526953E-01     2.176682E-01     9.454535E-01    -3.106961E-01     1.150997E+00     3.249045E-03     4.234215E-03
  -5.544532E-01     2.134364E-01     9.288547E-01    -3.504297E-01     1.175726E+00     4.931437E-03     6.291563E-03
  -4.571170E-01     2.080688E-01     9.031024E-01    -4.003853E-01     1.210266E+00     8.163126E-03     1.011735E-02
  -3.615187E-01     2.012319E-01     8.564996E-01    -4.629810E-01     1.264739E+00     1.685064E-02     1.998512E-02
  -2.694807E-01     1.928444E-01     7.561184E-01    -5.299134E-01     1.359496E+00     5.138824E-02     5.669922E-02
  -1.836101E-01     1.836101E-01     5.734603E-01    -5.734603E-01     1.506437E+00     1.507719E-01     1.501276E-01
  -1.055754E-01     1.752713E-01     3.460909E-01    -5.884709E-01     1.673016E+00     2.907897E-01     2.607175E-01
  -3.429645E-02     1.702079E-01     1.143301E-01    -5.910176E-01     1.785916E+00     3.900070E-01     3.275688E-01
   3.429645E-02     1.702079E-01    -1.143301E-01    -5.910176E-01     1.785916E+00     3.900070E-01     3.275688E-01
   1.055754E-01     1.752713E-01    -3.460909E-01    -5.884709E-01     1.673016E+00     2.907897E-01     2.607175E-01
   1.836101E-01     1.836101E-01    -5.734603E-01    -5.734603E-01     1.506437E+00     1.507719E-01     1.501276E-01
   2.694807E-01     1.928444E-01    -7.561184E-01    -5.299134E-01     1.359496E+00     5.138824E-02     5.669922E-02
   3.615187E-01     2.012319E-01    -8.564996E-01    -4.629810E-01     1.264739E+00     1.685064E-02     1.998512E-02
   4.571170E-01     2.080688E-01    -9.031024E-01    -4.003853E-01     1.210266E+00     8.163126E-03     1.011735E-02
   5.544532E-01     2.134364E-01    -9.288547E-01    -3.504297E-01     1.175726E+00     4.931437E-03     6.291563E-03
   6.526953E-01     2.176682E-01    -9.454535E-01    -3.106961E-01     1.150997E+00     3.249045E-03     4.234215E-03
   7.514499E-01     2.210423E-01    -9.564023E-01    -2.794195E-01     1.132983E+00     2.226354E-03     2.947557E-03
   8.504591E-01     2.237774E-01    -9.670823E-01    -2.544639E-01     1.117406E+00     1.000000E-06     1.342395E-06
  -8.533777E-01     3.143678E-01     9.383554E-01    -3.456720E-01     1.113528E+00     1.000000E-06     1.347069E-06
  -7.549350E-01     3.108766E-01     9.226026E-01    -3.780726E-01     1.127371E+00     1.791395E-03     2.383504E-03
  -6.569279E-01     3.066588E-01     9.043763E-01    -4.177328E-01     1.143340E+00     2.543633E-03     3.337108E-03
  -5.596762E-01     3.015169E-01     8.781189E-01    -4.668825E-01     1.164351E+00     3.678722E-03     4.739194E-03
  -4.636281E-01     2.952355E-01     8.398195E-01    -5.270040E-01     1.191901E+00     5.675387E-03     7.142441E-03
  -3.695476E-01     2.876147E-01     7.804398E-01    -6.002099E-01     1.230271E+00     9.900174E-03     1.207073E-02
  -2.787495E-01     2.787495E-01     6.828043E-01    -6.828043E-01     1.286001E+00     2.130210E-02     2.484690E-02
  -1.928444E-01     2.694807E-01     5.299134E-01    -7.561184E-01     1.359496E+00     5.138824E-02     5.669922E-02
  -1.126165E-01     2.615139E-01     3.307418E-01    -8.016336E-01     1.432306E+00     9.946739E-02     1.041684E-01
  -3.695991E-02     2.568506E-01     1.116879E-01    -8.212279E-01     1.476279E+00     1.360238E-01     1.382095E-01
   3.695991E-02     2.568506E-01    -1.116879E-01    -8.212279E-01     1.476279E+00     1.360238E-01     1.382095E-01
   1.126165E-01     2.615139E-01    -3.307418E-01    -8.016336E-01     1.432306E+00     9.946739E-02     1.041684E-01
   1.928444E-01     2.694807E-01    -5.299134E-01    -7.561184E-01     1.359496E+00     5.138824E-02     5.669922E-02
   2.787495E-01     2.787495E-01    -6.828043E-01    -6.828043E-01     1.286001E+00     2.130210E-02     2.484690E-02
   3.695476E-01     2.876147E-01    -7.804398E-01    -6.002099E-01     1.230271E+00     9.900174E-03     1.207073E-02
   4.636281E-01     2.952355E-01    -8.398195E-01    -5.270040E-01     1.191901E+00     5.675387E-03     7.142441E-03
   5.596762E-01     3.015169E-01    -8.781189E-01    -4.668825E-01     1.164351E+00     3.678722E-03     4.739194E-03
   6.569279E-01     3.066588E-01    -9.043763E-01    -4.177328E-01     1.143340E+00     2.543633E-03     3.337108E-03
   7.549350E-01     3.108766E-01    -9.226026E-01    -3.780726E-01     1.127371E+00     1.791395E-03     2.383504E-03
   8.533777E-01     3.143678E-01    -9.383554E-01    -3.456720E-01     1.113528E+00     1.000000E-06     1.347069E-06
  -8.569036E-01     4.058642E-01     9.037531E-01    -4.280540E-01     1.108892E+00     1.000000E-06     1.352701E-06
  -7.590717E-01     4.018693E-01     8.823132E-01    -4.657624E-01     1.120886E+00     1.389127E-03     1.858967E-03
  -6.618324E-01     3.971628E-01     8.564604E-01    -5.105588E-01     1.134567E+00     1.918425E-03     2.536332E-03
  -5.655293E-01     3.916139E-01     8.207159E-01    -5.643190E-01     1.151732E+00     2.649362E-03     3.450495E-03
  -4.706020E-01     3.851234E-01     7.711058E-01    -6.275550E-01     1.172743E+00     3.837742E-03     4.908673E-03
  -3.776794E-01     3.776794E-01     7.006676E-01    -7.006676E-01     1.198768E+00     5.955788E-03     7.452384E-03
  -2.876147E-01     3.695476E-01     6.002099E-01    -7.804398E-01     1.230271E+00     9.900174E-03     1.207073E-02
  -2.012319E-01     3.615187E-01     4.629810E-01    -8.564996E-01     1.264739E+00     1.685064E-02     1.998512E-02
  -1.187309E-01     3.549106E-01     2.919685E-01    -9.144002E-01     1.294759E+00     2.641567E-02     3.060299E-02
  -3.920684E-02     3.511466E-01     9.961451E-02    -9.447541E-01     1.311863E+00     3.386908E-02     3.872630E-02
   3.920684E-02     3.511466E-01    -9.961451E-02    -9.447541E-01     1.311863E+00     3.386908E-02     3.872630E-02
   1.187309E-01     3.549106E-01    -2.919685E-01    -9.144002E-01     1.294759E+00     2.641567E-02     3.060299E-02
   2.012319E-01     3.615187E-01    -4.629810E-01    -8.564996E-01     1.264739E+00     1.685064E-02     1.998512E-02
   2.876147E-01     3.695476E-01    -6.002099E-01    -7.804398E-01     1.230271E+00     9.900174E-03     1.207073E-02
   3.776794E-01     3.776794E-01    -7.006676E-01    -7.006676E-01     1.198768E+00     5.955788E-03     7.452384E-03
   4.706020E-01     3.851234E-01    -7.711058E-01    -6.275550E-01     1.172743E+00     3.837742E-03     4.908673E-03
   5.655293E-01     3.916139E-01    -8.207159E-01    -5.643190E-01     1.151732E+00     2.649362E-03     3.450495E-03
   6.618324E-01     3.971628E-01    -8.564604E-01    -5.105588E-01     1.134567E+00     1.918425E-03     2.536332E-03
   7.590717E-01     4.018693E-01    -8.823132E-01    -4.657624E-01     1.120886E+00     1.389127E-03     1.858967E-03
   8.569036E-01     4.058642E-01    -9.037531E-01    -4.280540E-01     1.108892E+00     1.000000E-06     1.352701E-06
  -8.608180E-01     4.983317E-01     8.654422E-01    -5.010087E-01     1.103802E+00     1.000000E-06     1.358939E-06
  -7.635706E-01     4.940688E-01     8.383804E-01    -5.418346E-01     1.114022E+00     1.062976E-03     1.431268E-03
  -6.670223E-01     4.891804E-01     8.055915E-01    -5.887557E-01     1.125438E+00     1.436188E-03     1.914171E-03
  -5.714996E-01     4.836145E-01     7.619908E-01    -6.430852E-01     1.139137E+00     1.915914E-03     2.522850E-03
  -4.773797E-01     4.773797E-01     7.042616E-01    -7.042616E-01     1.154882E+00     2.653098E-03     3.445933E-03
  -3.851234E-01     4.706020E-01     6.275550E-01    -7.711058E-01     1.172743E+00     3.837742E-03     4.908673E-03
  -2.952355E-01     4.636281E-01     5.270040E-01    -8.398195E-01     1.191901E+00     5.675387E-03     7.142441E-03
  -2.080688E-01     4.571170E-01     4.003853E-01    -9.031024E-01     1.210266E+00     8.163126E-03     1.011735E-02
  -1.235386E-01     4.519808E-01     2.506008E-01    -9.517482E-01     1.224757E+00     1.078864E-02     1.321320E-02
  -4.094265E-02     4.491287E-01     8.532276E-02    -9.780777E-01     1.232663E+00     1.253944E-02     1.525896E-02
   4.094265E-02     4.491287E-01    -8.532276E-02    -9.780777E-01     1.232663E+00     1.253944E-02     1.525896E-02
   1.235386E-01     4.519808E-01    -2.506008E-01    -9.517482E-01     1.224757E+00     1.078864E-02     1.321320E-02
   2.080688E-01     4.571170E-01    -4.003853E-01    -9.031024E-01     1.210266E+00     8.163126E-03     1.011735E-02
   2.952355E-01     4.636281E-01    -5.270040E-01    -8.398195E-01     1.191901E+00     5.675387E-03     7.142441E-03
   3.851234E-01     4.706020E-01    -6.275550E-01    -7.711058E-01     1.172743E+00     3.837742E-03     4.908673E-03
   4.773797E-01     4.773797E-01    -7.042616E-01    -7.042616E-01     1.154882E+00     2.653098E-03     3.445933E-03
   5.714996E-01     4.836145E-01    -7.619908E-01    -6.430852E-01     1.139137E+00     1.915914E-03     2.522850E-03
   6.670223E-01     4.891804E-01    -8.055915E-01    -5.887557E-01     1.125438E+00     1.436188E-03     1.914171E-03
   7.635706E-01     4.940688E-01    -8.383804E-01    -5.418346E-01     1.114022E+00     1.062976E-03     1.431268E-03
   8.608180E-01     4.983317E-01    -8.654422E-01    -5.010087E-01     1.103802E+00     1.000000E-06     1.358939E-06
  -8.649263E-01     5.917595E-01     8.253216E-01    -5.646630E-01     1.098520E+00     1.000000E-06     1.365474E-06
  -7.681894E-01     5.874222E-01     7.932420E-01    -6.066590E-01     1.107138E+00     8.190284E-04     1.109656E-03
  -6.722017E-01     5.825796E-01     7.548201E-01    -6.533652E-01     1.116500E+00     1.091638E-03     1.466598E-03
  -5.772458E-01     5.772458E-01     7.055691E-01    -7.055691E-01     1.127328E+00     1.424943E-03     1.896000E-03
  -4.836145E-01     5.714996E-01     6.430852E-01    -7.619908E-01     1.139137E+00     1.915914E-03     2.522850E-03
  -3.916139E-01     5.655293E-01     5.643190E-01    -8.207159E-01     1.151732E+00     2.649362E-03     3.450495E-03
  -3.015169E-01     5.596762E-01     4.668825E-01    -8.781189E-01     1.164351E+00     3.678722E-03     4.739194E-03
  -2.134364E-01     5.544532E-01     3.504297E-01    -9.288547E-01     1.175726E+00     4.931437E-03     6.291563E-03
  -1.271905E-01     5.504776E-01     2.176025E-01    -9.669289E-01     1.184355E+00     6.133888E-03     7.768641E-03
  -4.224063E-02     5.483183E-01     7.381291E-02    -9.873448E-01     1.188996E+00     6.885456E-03     8.686478E-03
   4.224063E-02     5.483183E-01    -7.381291E-02    -9.873448E-01     1.188996E+00     6.885456E-03     8.686478E-03
   1.271905E-01     5.504776E-01    -2.176025E-01    -9.669289E-01     1.184355E+00     6.133888E-03     7.768641E-03
   2.134364E-01     5.544532E-01    -3.504297E-01    -9.288547E-01     1.175726E+00     4.931437E-03     6.291563E-03
   3.015169E-01     5.596762E-01    -4.668825E-01    -8.781189E-01     1.164351E+00     3.678722E-03     4.739194E-03
   3.916139E-01     5.655293E-01    -5.643190E-01    -8.207159E-01     1.151732E+00     2.649362E-03     3.450495E-03
   4.836145E-01     5.714996E-01    -6.430852E-01    -7.619908E-01     1.139137E+00     1.915914E-03     2.522850E-03
   5.772458E-01     5.772458E-01    -7.055691E-01    -7.055691E-01     1.127328E+00     1.424943E-03     1.896000E-03
   6.722017E-01     5.825796E-01    -7.548201E-01    -6.533652E-01     1.116500E+00     1.091638E-03     1.466598E-03
   7.681894E-01     5.874222E-01    -7.932420E-01    -6.066590E-01     1.107138E+00     8.190284E-04     1.109656E-03
   8.649263E-01     5.917595E-01    -8.253216E-01    -5.646630E-01     1.098520E+00     1.000000E-06     1.365474E-06
  -8.690713E-01     6.860864E-01     7.848927E-01    -6.196318E-01     1.093247E+00     1.000000E-06     1.372060E-06
  -7.727450E-01     6.818196E-01     7.487453E-01    -6.612359E-01     1.100364E+00     6.404309E-04     8.730261E-04
  -6.771717E-01     6.771717E-01     7.061732E-01    -7.061732E-01     1.107955E+00     8.477160E-04     1.147677E-03
  -5.825796E-01     6.722017E-01     6.533652E-01    -7.548201E-01     1.116500E+00     1.091638E-03     1.466598E-03
  -4.891804E-01     6.670223E-01     5.887557E-01    -8.055915E-01     1.125438E+00     1.436188E-03     1.914171E-03
  -3.971628E-01     6.618324E-01     5.105588E-01    -8.564604E-01     1.134567E+00     1.918425E-03     2.536332E-03
  -3.066588E-01     6.569279E-01     4.177328E-01    -9.043763E-01     1.143340E+00     2.543633E-03     3.337108E-03
  -2.176682E-01     6.526953E-01     3.106961E-01    -9.454535E-01     1.150997E+00     3.249045E-03     4.234215E-03
  -1.299941E-01     6.495571E-01     1.917283E-01    -9.756518E-01     1.156703E+00     3.887727E-03     5.041564E-03
  -4.322390E-02     6.478806E-01     6.483381E-02    -9.916688E-01     1.159754E+00     4.273092E-03     5.526721E-03
   4.322390E-02     6.478806E-01    -6.483381E-02    -9.916688E-01     1.159754E+00     4.273092E-03     5.526721E-03
   1.299941E-01     6.495571E-01    -1.917283E-01    -9.756518E-01     1.156703E+00     3.887727E-03     5.041564E-03
   2.176682E-01     6.526953E-01    -3.106961E-01    -9.454535E-01     1.150997E+00     3.249045E-03     4.234215E-03
   3.066588E-01     6.569279E-01    -4.177328E-01    -9.043763E-01     1.143340E+00     2.543633E-03     3.337108E-03
   3.971628E-01     6.618324E-01    -5.105588E-01    -8.564604E-01     1.134567E+00     1.918425E-03     2.536332E-03
   4.891804E-01     6.670223E-01    -5.887557E-01    -8.055915E-01     1.125438E+00     1.436188E-03     1.914171E-03
   5.825796E-01     6.722017E-01    -6.533652E-01    -7.548201E-01     1.116500E+00     1.091638E-03     1.466598E-03
   6.771717E-01     6.771717E-01    -7.061732E-01    -7.061732E-01     1.107955E+00     8.477160E-04     1.147677E-03
   7.727450E-01     6.818196E-01    -7.487453E-01    -6.612359E-01     1.100364E+00     6.404309E-04     8.730261E-04
   8.690713E-01     6.860864E-01    -7.848927E-01    -6.196318E-01     1.093247E+00     1.000000E-06     1.372060E-06
  -8.731392E-01     7.812203E-01     7.452453E-01    -6.667904E-01     1.088124E+00     1.000000E-06     1.378519E-06
  -7.771170E-01     7.771170E-01     7.065086E-01    -7.065086E-01     1.094085E+00     4.833474E-04     6.626733E-04
  -6.818196E-01     7.727450E-01     6.612359E-01    -7.487453E-01     1.100364E+00     6.404309E-04     8.730261E-04
  -5.874222E-01     7.681894E-01     6.066590E-01    -7.932420E-01     1.107138E+00     8.190284E-04     1.109656E-03
  -4.940688E-01     7.635706E-01     5.418346E-01    -8.383804E-01     1.114022E+00     1.062976E-03     1.431268E-03
  -4.018693E-01     7.590717E-01     4.657624E-01    -8.823132E-01     1.120886E+00     1.389127E-03     1.858967E-03
  -3.108766E-01     7.549350E-01     3.780726E-01    -9.226026E-01     1.127371E+00     1.791395E-03     2.383504E-03
  -2.210423E-01     7.514499E-01     2.794195E-01    -9.564023E-01     1.132983E+00     2.226354E-03     2.947557E-03
  -1.321847E-01     7.489138E-01     1.716871E-01    -9.808835E-01     1.137165E+00     2.609264E-03     3.441800E-03
  -4.398420E-02     7.475746E-01     5.793311E-02    -9.937624E-01     1.139412E+00     2.837210E-03     3.735097E-03
   4.398420E-02     7.475746E-01    -5.793311E-02    -9.937624E-01     1.139412E+00     2.837210E-03     3.735097E-03
   1.321847E-01     7.489138E-01    -1.716871E-01    -9.808835E-01     1.137165E+00     2.609264E-03     3.441800E-03
   2.210423E-01     7.514499E-01    -2.794195E-01    -9.564023E-01     1.132983E+00     2.226354E-03     2.947557E-03
   3.108766E-01     7.549350E-01    -3.780726E-01    -9.226026E-01     1.127371E+00     1.791395E-03     2.383504E-03
   4.018693E-01     7.590717E-01    -4.657624E-01    -8.823132E-01     1.120886E+00     1.389127E-03     1.858967E-03
   4.940688E-01     7.635706E-01    -5.418346E-01    -8.383804E-01     1.114022E+00     1.062976E-03     1.431268E-03
   5.874222E-01     7.681894E-01    -6.066590E-01    -7.932420E-01     1.107138E+00     8.190284E-04     1.109656E-03
   6.818196E-01     7.727450E-01    -6.612359E-01    -7.487453E-01     1.100364E+00     6.404309E-04     8.730261E-04
   7.771170E-01     7.771170E-01    -7.065086E-01    -7.065086E-01     1.094085E+00     4.833474E-04     6.626733E-04
   8.731392E-01     7.812203E-01    -7.452453E-01    -6.667904E-01     1.088124E+00     1.000000E-06     1.378519E-06
  -8.770478E-01     8.770478E-01     7.071068E-01    -7.071068E-01     1.083242E+00     1.000000E-06     1.384733E-06
  -7.812203E-01     8.731392E-01     6.667904E-01    -7.452453E-01     1.088124E+00     1.000000E-06     1.378519E-06
  -6.860864E-01     8.690713E-01     6.196318E-01    -7.848927E-01     1.093247E+00     1.000000E-06     1.372060E-06
  -5.917595E-01     8.649263E-01     5.646630E-01    -8.253216E-01     1.098520E+00     1.000000E-06     1.365474E-06
  -4.983317E-01     8.608180E-01     5.010087E-01    -8.654422E-01     1.103802E+00     1.000000E-06     1.358939E-06
  -4.058642E-01     8.569036E-01     4.280540E-01    -9.037531E-01     1.108892E+00     1.000000E-06     1.352701E-06
  -3.143678E-01     8.533777E-01     3.456720E-01    -9.383554E-01     1.113528E+00     1.000000E-06     1.347069E-06
  -2.237774E-01     8.504591E-01     2.544639E-01    -9.670823E-01     1.117406E+00     1.000000E-06     1.342395E-06
  -1.339342E-01     8.483636E-01     1.559422E-01    -9.877662E-01     1.120213E+00     1.000000E-06     1.339031E-06
  -4.458677E-02     8.472664E-01     5.255155E-02    -9.986182E-01     1.121691E+00     1.000000E-06     1.337267E-06
   4.458677E-02     8.472664E-01    -5.255155E-02    -9.986182E-01     1.121691E+00     1.000000E-06     1.337267E-06
   1.339342E-01     8.483636E-01    -1.559422E-01    -9.877662E-01     1.120213E+00     1.000000E-06     1.339031E-06
   2.237774E-01     8.504591E-01    -2.544639E-01    -9.670823E-01     1.117406E+00     1.000000E-06     1.342395E-06
   3.143678E-01     8.533777E-01    -3.456720E-01    -9.383554E-01     1.113528E+00     1.000000E-06     1.347069E-06
   4.058642E-01     8.569036E-01    -4.280540E-01    -9.037531E-01     1.108892E+00     1.000000E-06     1.352701E-06
   4.983317E-01     8.608180E-01    -5.010087E-01    -8.654422E-01     1.103802E+00     1.000000E-06     1.358939E-06
   5.917595E-01     8.649263E-01    -5.646630E-01    -8.253216E-01     1.098520E+00     1.000000E-06     1.365474E-06
   6.860864E-01     8.690713E-01    -6.196318E-01    -7.848927E-01     1.093247E+00     1.000000E-06     1.372060E-06
   7.812203E-01     8.731392E-01    -6.667904E-01    -7.452453E-01     1.088124E+00     1.000000E-06     1.378519E-06
   8.770478E-01     8.770478E-01    -7.071068E-01    -7.071068E-01     1.083242E+00     1.000000E-06     1.384733E-06
