         200         303           0

           1          41           2           1
           2           1           3           2
           3           1           3           2
           4           1           3           2
           5           1           3           2
           6           1           3           2
           7           1           3           2
           8           1           3           2
           9           1           3           2
          10           1           3           2
          11           1           3           2
          12           1           3           2
          13           1           3           2
          14           1           3           2
          15           1           3           2
          16           1           3           2
          17           1           3           2
          18           1           3           2
          19           1           3           2
          20           1           3           2
          21           1           3           2
          22           1           3           2
          23           1           3           2
          24           1           3           2
          25           1           3           2
          26           1           3           2
          27           1           3           2
          28           1           3           2
          29           1           3           2
          30           1           3           2
          31           1           3           2
          32           1           3           2
          33           1           3           2
          34           1           3           2
          35           1           3           2
          36           1           3           2
          37           1           3           2
          38           1           3           2
          39           1           3           2
          40           1           3           2
          41           1           3           2
          42           1           3           2
          43           1           3           2
          44           1           3           2
          45           1           3           2
          46           1           3           2
          47           1           3           2
          48           1           3           2
          49           1           3           2
          50           1           3           2
          51           1           3           2
          52           1           3           2
          53           1           3           2
          54           1           3           2
          55           1           3           2
          56           1           3           2
          57           1           3           2
          58           1           3           2
          59           1           3           2
          60           1           3           2
          61           1           3           2
          62           1           3           2
          63           1           3           2
          64           1           3           2
          65           1           3           2
          66           1           3           2
          67           1           3           2
          68           1           3           2
          69           1           3           2
          70           1           3           2
          71           1           3           2
          72           1           3           2
          73           1           3           2
          74           1           3           2
          75           1           3           2
          76           1           3           2
          77           1           3           2
          78           1           3           2
          79           1           3           2
          80           1           3           2
          81           1           3           2
          82           1           3           2
          83           1           3           2
          84           1           3           2
          85           1           3           2
          86           1           3           2
          87           1           3           2
          88           1           3           2
          89           1           3           2
          90           1           3           2
          91           1           3           2
          92           1           3           2
          93           1           3           2
          94           1           3           2
          95           1           3           2
          96           1           3           2
          97           1           3           2
          98           1           3           2
          99           1           3           2
         100           1           3           2
         101          12           2           1
         102           4           3           2
         103           0           4           4
         104           0           4           4
         105           0           4           4
         106           0           4           4
         107           0           4           4
         108           0           4           4
         109           0           4           4
         110           0           4           4
         111           0           4           4
         112           0           4           4
         113           0           4           4
         114           0           4           4
         115           0           4           4
         116           0           4           4
         117           0           4           4
         118           0           4           4
         119           0           4           4
         120           0           4           4
         121           0           4           4
         122           0           4           4
         123           0           4           4
         124           0           4           4
         125           0           4           4
         126           0           4           4
         127           0           4           4
         128           0           4           4
         129           0           4           4
         130           0           4           4
         131           0           4           4
         132           0           4           4
         133           0           4           4
         134           0           4           4
         135           0           4           4
         136           0           4           4
         137           0           4           4
         138           0           4           4
         139           0           4           4
         140           0           4           4
         141           0           4           4
         142           0           4           4
         143           0           4           4
         144           0           4           4
         145           0           4           4
         146           0           4           4
         147           0           4           4
         148           0           4           4
         149           0           4           4
         150           0           4           4
         151           0           4           4
         152           0           4           4
         153           0           4           4
         154           0           4           4
         155           0           4           4
         156           0           4           4
         157           0           4           4
         158           0           4           4
         159           0           4           4
         160           0           4           4
         161           0           4           4
         162           0           4           4
         163           0           4           4
         164           0           4           4
         165           0           4           4
         166           0           4           4
         167           0           4           4
         168           0           4           4
         169           0           4           4
         170           0           4           4
         171           0           4           4
         172           0           4           4
         173           0           4           4
         174           0           4           4
         175           0           4           4
         176           0           4           4
         177           0           4           4
         178           0           4           4
         179           0           4           4
         180           0           4           4
         181           0           4           4
         182           0           4           4
         183           0           4           4
         184           0           4           4
         185           0           4           4
         186           0           4           4
         187           0           4           4
         188           0           4           4
         189           0           4           4
         190           0           4           4
         191           0           4           4
         192           0           4           4
         193           0           4           4
         194           0           4           4
         195           0           4           4
         196           0           4           4
         197           0           4           4
         198           0           4           4
         199           0           4           4
         200           0           4           4
         201           0           4           4
         202           2           3           2
         203          34           2           1
         204           3           3           2
         205           3           3           2
         206           3           3           2
         207           3           3           2
         208           3           3           2
         209           3           3           2
         210           3           3           2
         211           3           3           2
         212           3           3           2
         213           3           3           2
         214           3           3           2
         215           3           3           2
         216           3           3           2
         217           3           3           2
         218           3           3           2
         219           3           3           2
         220           3           3           2
         221           3           3           2
         222           3           3           2
         223           3           3           2
         224           3           3           2
         225           3           3           2
         226           3           3           2
         227           3           3           2
         228           3           3           2
         229           3           3           2
         230           3           3           2
         231           3           3           2
         232           3           3           2
         233           3           3           2
         234           3           3           2
         235           3           3           2
         236           3           3           2
         237           3           3           2
         238           3           3           2
         239           3           3           2
         240           3           3           2
         241           3           3           2
         242           3           3           2
         243           3           3           2
         244           3           3           2
         245           3           3           2
         246           3           3           2
         247           3           3           2
         248           3           3           2
         249           3           3           2
         250           3           3           2
         251           3           3           2
         252           3           3           2
         253           3           3           2
         254           3           3           2
         255           3           3           2
         256           3           3           2
         257           3           3           2
         258           3           3           2
         259           3           3           2
         260           3           3           2
         261           3           3           2
         262           3           3           2
         263           3           3           2
         264           3           3           2
         265           3           3           2
         266           3           3           2
         267           3           3           2
         268           3           3           2
         269           3           3           2
         270           3           3           2
         271           3           3           2
         272           3           3           2
         273           3           3           2
         274           3           3           2
         275           3           3           2
         276           3           3           2
         277           3           3           2
         278           3           3           2
         279           3           3           2
         280           3           3           2
         281           3           3           2
         282           3           3           2
         283           3           3           2
         284           3           3           2
         285           3           3           2
         286           3           3           2
         287           3           3           2
         288           3           3           2
         289           3           3           2
         290           3           3           2
         291           3           3           2
         292           3           3           2
         293           3           3           2
         294           3           3           2
         295           3           3           2
         296           3           3           2
         297           3           3           2
         298           3           3           2
         299           3           3           2
         300           3           3           2
         301           3           3           2
         302           3           3           2
         303          23           2           1

           1           2         102           1
           2           3         103           1           2           1
           3           4         104           2           3           2
           4           5         105           3           4           3
           5           6         106           4           5           4
           6           7         107           5           6           5
           7           8         108           6           7           6
           8           9         109           7           8           7
           9          10         110           8           9           8
          10          11         111           9          10           9
          11          12         112          10          11          10
          12          13         113          11          12          11
          13          14         114          12          13          12
          14          15         115          13          14          13
          15          16         116          14          15          14
          16          17         117          15          16          15
          17          18         118          16          17          16
          18          19         119          17          18          17
          19          20         120          18          19          18
          20          21         121          19          20          19
          21          22         122          20          21          20
          22          23         123          21          22          21
          23          24         124          22          23          22
          24          25         125          23          24          23
          25          26         126          24          25          24
          26          27         127          25          26          25
          27          28         128          26          27          26
          28          29         129          27          28          27
          29          30         130          28          29          28
          30          31         131          29          30          29
          31          32         132          30          31          30
          32          33         133          31          32          31
          33          34         134          32          33          32
          34          35         135          33          34          33
          35          36         136          34          35          34
          36          37         137          35          36          35
          37          38         138          36          37          36
          38          39         139          37          38          37
          39          40         140          38          39          38
          40          41         141          39          40          39
          41          42         142          40          41          40
          42          43         143          41          42          41
          43          44         144          42          43          42
          44          45         145          43          44          43
          45          46         146          44          45          44
          46          47         147          45          46          45
          47          48         148          46          47          46
          48          49         149          47          48          47
          49          50         150          48          49          48
          50          51         151          49          50          49
          51          52         152          50          51          50
          52          53         153          51          52          51
          53          54         154          52          53          52
          54          55         155          53          54          53
          55          56         156          54          55          54
          56          57         157          55          56          55
          57          58         158          56          57          56
          58          59         159          57          58          57
          59          60         160          58          59          58
          60          61         161          59          60          59
          61          62         162          60          61          60
          62          63         163          61          62          61
          63          64         164          62          63          62
          64          65         165          63          64          63
          65          66         166          64          65          64
          66          67         167          65          66          65
          67          68         168          66          67          66
          68          69         169          67          68          67
          69          70         170          68          69          68
          70          71         171          69          70          69
          71          72         172          70          71          70
          72          73         173          71          72          71
          73          74         174          72          73          72
          74          75         175          73          74          73
          75          76         176          74          75          74
          76          77         177          75          76          75
          77          78         178          76          77          76
          78          79         179          77          78          77
          79          80         180          78          79          78
          80          81         181          79          80          79
          81          82         182          80          81          80
          82          83         183          81          82          81
          83          84         184          82          83          82
          84          85         185          83          84          83
          85          86         186          84          85          84
          86          87         187          85          86          85
          87          88         188          86          87          86
          88          89         189          87          88          87
          89          90         190          88          89          88
          90          91         191          89          90          89
          91          92         192          90          91          90
          92          93         193          91          92          91
          93          94         194          92          93          92
          94          95         195          93          94          93
          95          96         196          94          95          94
          96          97         197          95          96          95
          97          98         198          96          97          96
          98          99         199          97          98          97
          99         100         200          98          99          98
         100         101         201          99         100          99
         101         202         100         100
         102           1         103         203           1         101
         103           2         104         204         102           1           2         102         101
         104           3         105         205         103           2           3         103         102
         105           4         106         206         104           3           4         104         103
         106           5         107         207         105           4           5         105         104
         107           6         108         208         106           5           6         106         105
         108           7         109         209         107           6           7         107         106
         109           8         110         210         108           7           8         108         107
         110           9         111         211         109           8           9         109         108
         111          10         112         212         110           9          10         110         109
         112          11         113         213         111          10          11         111         110
         113          12         114         214         112          11          12         112         111
         114          13         115         215         113          12          13         113         112
         115          14         116         216         114          13          14         114         113
         116          15         117         217         115          14          15         115         114
         117          16         118         218         116          15          16         116         115
         118          17         119         219         117          16          17         117         116
         119          18         120         220         118          17          18         118         117
         120          19         121         221         119          18          19         119         118
         121          20         122         222         120          19          20         120         119
         122          21         123         223         121          20          21         121         120
         123          22         124         224         122          21          22         122         121
         124          23         125         225         123          22          23         123         122
         125          24         126         226         124          23          24         124         123
         126          25         127         227         125          24          25         125         124
         127          26         128         228         126          25          26         126         125
         128          27         129         229         127          26          27         127         126
         129          28         130         230         128          27          28         128         127
         130          29         131         231         129          28          29         129         128
         131          30         132         232         130          29          30         130         129
         132          31         133         233         131          30          31         131         130
         133          32         134         234         132          31          32         132         131
         134          33         135         235         133          32          33         133         132
         135          34         136         236         134          33          34         134         133
         136          35         137         237         135          34          35         135         134
         137          36         138         238         136          35          36         136         135
         138          37         139         239         137          36          37         137         136
         139          38         140         240         138          37          38         138         137
         140          39         141         241         139          38          39         139         138
         141          40         142         242         140          39          40         140         139
         142          41         143         243         141          40          41         141         140
         143          42         144         244         142          41          42         142         141
         144          43         145         245         143          42          43         143         142
         145          44         146         246         144          43          44         144         143
         146          45         147         247         145          44          45         145         144
         147          46         148         248         146          45          46         146         145
         148          47         149         249         147          46          47         147         146
         149          48         150         250         148          47          48         148         147
         150          49         151         251         149          48          49         149         148
         151          50         152         252         150          49          50         150         149
         152          51         153         253         151          50          51         151         150
         153          52         154         254         152          51          52         152         151
         154          53         155         255         153          52          53         153         152
         155          54         156         256         154          53          54         154         153
         156          55         157         257         155          54          55         155         154
         157          56         158         258         156          55          56         156         155
         158          57         159         259         157          56          57         157         156
         159          58         160         260         158          57          58         158         157
         160          59         161         261         159          58          59         159         158
         161          60         162         262         160          59          60         160         159
         162          61         163         263         161          60          61         161         160
         163          62         164         264         162          61          62         162         161
         164          63         165         265         163          62          63         163         162
         165          64         166         266         164          63          64         164         163
         166          65         167         267         165          64          65         165         164
         167          66         168         268         166          65          66         166         165
         168          67         169         269         167          66          67         167         166
         169          68         170         270         168          67          68         168         167
         170          69         171         271         169          68          69         169         168
         171          70         172         272         170          69          70         170         169
         172          71         173         273         171          70          71         171         170
         173          72         174         274         172          71          72         172         171
         174          73         175         275         173          72          73         173         172
         175          74         176         276         174          73          74         174         173
         176          75         177         277         175          74          75         175         174
         177          76         178         278         176          75          76         176         175
         178          77         179         279         177          76          77         177         176
         179          78         180         280         178          77          78         178         177
         180          79         181         281         179          78          79         179         178
         181          80         182         282         180          79          80         180         179
         182          81         183         283         181          80          81         181         180
         183          82         184         284         182          81          82         182         181
         184          83         185         285         183          82          83         183         182
         185          84         186         286         184          83          84         184         183
         186          85         187         287         185          84          85         185         184
         187          86         188         288         186          85          86         186         185
         188          87         189         289         187          86          87         187         186
         189          88         190         290         188          87          88         188         187
         190          89         191         291         189          88          89         189         188
         191          90         192         292         190          89          90         190         189
         192          91         193         293         191          90          91         191         190
         193          92         194         294         192          91          92         192         191
         194          93         195         295         193          92          93         193         192
         195          94         196         296         194          93          94         194         193
         196          95         197         297         195          94          95         195         194
         197          96         198         298         196          95          96         196         195
         198          97         199         299         197          96          97         197         196
         199          98         200         300         198          97          98         198         197
         200          99         201         301         199          98          99         199         198
         201         100         202         302         200          99         100         200         199
         202         303         201         101         200         100
         203         102         204         101
         204         203         103         205         101         102
         205         204         104         206         102         103
         206         205         105         207         103         104
         207         206         106         208         104         105
         208         207         107         209         105         106
         209         208         108         210         106         107
         210         209         109         211         107         108
         211         210         110         212         108         109
         212         211         111         213         109         110
         213         212         112         214         110         111
         214         213         113         215         111         112
         215         214         114         216         112         113
         216         215         115         217         113         114
         217         216         116         218         114         115
         218         217         117         219         115         116
         219         218         118         220         116         117
         220         219         119         221         117         118
         221         220         120         222         118         119
         222         221         121         223         119         120
         223         222         122         224         120         121
         224         223         123         225         121         122
         225         224         124         226         122         123
         226         225         125         227         123         124
         227         226         126         228         124         125
         228         227         127         229         125         126
         229         228         128         230         126         127
         230         229         129         231         127         128
         231         230         130         232         128         129
         232         231         131         233         129         130
         233         232         132         234         130         131
         234         233         133         235         131         132
         235         234         134         236         132         133
         236         235         135         237         133         134
         237         236         136         238         134         135
         238         237         137         239         135         136
         239         238         138         240         136         137
         240         239         139         241         137         138
         241         240         140         242         138         139
         242         241         141         243         139         140
         243         242         142         244         140         141
         244         243         143         245         141         142
         245         244         144         246         142         143
         246         245         145         247         143         144
         247         246         146         248         144         145
         248         247         147         249         145         146
         249         248         148         250         146         147
         250         249         149         251         147         148
         251         250         150         252         148         149
         252         251         151         253         149         150
         253         252         152         254         150         151
         254         253         153         255         151         152
         255         254         154         256         152         153
         256         255         155         257         153         154
         257         256         156         258         154         155
         258         257         157         259         155         156
         259         258         158         260         156         157
         260         259         159         261         157         158
         261         260         160         262         158         159
         262         261         161         263         159         160
         263         262         162         264         160         161
         264         263         163         265         161         162
         265         264         164         266         162         163
         266         265         165         267         163         164
         267         266         166         268         164         165
         268         267         167         269         165         166
         269         268         168         270         166         167
         270         269         169         271         167         168
         271         270         170         272         168         169
         272         271         171         273         169         170
         273         272         172         274         170         171
         274         273         173         275         171         172
         275         274         174         276         172         173
         276         275         175         277         173         174
         277         276         176         278         174         175
         278         277         177         279         175         176
         279         278         178         280         176         177
         280         279         179         281         177         178
         281         280         180         282         178         179
         282         281         181         283         179         180
         283         282         182         284         180         181
         284         283         183         285         181         182
         285         284         184         286         182         183
         286         285         185         287         183         184
         287         286         186         288         184         185
         288         287         187         289         185         186
         289         288         188         290         186         187
         290         289         189         291         187         188
         291         290         190         292         188         189
         292         291         191         293         189         190
         293         292         192         294         190         191
         294         293         193         295         191         192
         295         294         194         296         192         193
         296         295         195         297         193         194
         297         296         196         298         194         195
         298         297         197         299         195         196
         299         298         198         300         196         197
         300         299         199         301         197         198
         301         300         200         302         198         199
         302         301         201         303         199         200
         303         302         202         200

           1          41           4           2
           2           1           4           3
           3           1           4           3
           4           1           4           3
           5           1           4           3
           6           1           4           3
           7           1           4           3
           8           1           4           3
           9           1           4           3
          10           1           4           3
          11           1           4           3
          12           1           4           3
          13           1           4           3
          14           1           4           3
          15           1           4           3
          16           1           4           3
          17           1           4           3
          18           1           4           3
          19           1           4           3
          20           1           4           3
          21           1           4           3
          22           1           4           3
          23           1           4           3
          24           1           4           3
          25           1           4           3
          26           1           4           3
          27           1           4           3
          28           1           4           3
          29           1           4           3
          30           1           4           3
          31           1           4           3
          32           1           4           3
          33           1           4           3
          34           1           4           3
          35           1           4           3
          36           1           4           3
          37           1           4           3
          38           1           4           3
          39           1           4           3
          40           1           4           3
          41           1           4           3
          42           1           4           3
          43           1           4           3
          44           1           4           3
          45           1           4           3
          46           1           4           3
          47           1           4           3
          48           1           4           3
          49           1           4           3
          50           1           4           3
          51           1           4           3
          52           1           4           3
          53           1           4           3
          54           1           4           3
          55           1           4           3
          56           1           4           3
          57           1           4           3
          58           1           4           3
          59           1           4           3
          60           1           4           3
          61           1           4           3
          62           1           4           3
          63           1           4           3
          64           1           4           3
          65           1           4           3
          66           1           4           3
          67           1           4           3
          68           1           4           3
          69           1           4           3
          70           1           4           3
          71           1           4           3
          72           1           4           3
          73           1           4           3
          74           1           4           3
          75           1           4           3
          76           1           4           3
          77           1           4           3
          78           1           4           3
          79           1           4           3
          80           1           4           3
          81           1           4           3
          82           1           4           3
          83           1           4           3
          84           1           4           3
          85           1           4           3
          86           1           4           3
          87           1           4           3
          88           1           4           3
          89           1           4           3
          90           1           4           3
          91           1           4           3
          92           1           4           3
          93           1           4           3
          94           1           4           3
          95           1           4           3
          96           1           4           3
          97           1           4           3
          98           1           4           3
          99           1           4           3
         100          12           4           2
         101          34           4           2
         102           3           4           3
         103           3           4           3
         104           3           4           3
         105           3           4           3
         106           3           4           3
         107           3           4           3
         108           3           4           3
         109           3           4           3
         110           3           4           3
         111           3           4           3
         112           3           4           3
         113           3           4           3
         114           3           4           3
         115           3           4           3
         116           3           4           3
         117           3           4           3
         118           3           4           3
         119           3           4           3
         120           3           4           3
         121           3           4           3
         122           3           4           3
         123           3           4           3
         124           3           4           3
         125           3           4           3
         126           3           4           3
         127           3           4           3
         128           3           4           3
         129           3           4           3
         130           3           4           3
         131           3           4           3
         132           3           4           3
         133           3           4           3
         134           3           4           3
         135           3           4           3
         136           3           4           3
         137           3           4           3
         138           3           4           3
         139           3           4           3
         140           3           4           3
         141           3           4           3
         142           3           4           3
         143           3           4           3
         144           3           4           3
         145           3           4           3
         146           3           4           3
         147           3           4           3
         148           3           4           3
         149           3           4           3
         150           3           4           3
         151           3           4           3
         152           3           4           3
         153           3           4           3
         154           3           4           3
         155           3           4           3
         156           3           4           3
         157           3           4           3
         158           3           4           3
         159           3           4           3
         160           3           4           3
         161           3           4           3
         162           3           4           3
         163           3           4           3
         164           3           4           3
         165           3           4           3
         166           3           4           3
         167           3           4           3
         168           3           4           3
         169           3           4           3
         170           3           4           3
         171           3           4           3
         172           3           4           3
         173           3           4           3
         174           3           4           3
         175           3           4           3
         176           3           4           3
         177           3           4           3
         178           3           4           3
         179           3           4           3
         180           3           4           3
         181           3           4           3
         182           3           4           3
         183           3           4           3
         184           3           4           3
         185           3           4           3
         186           3           4           3
         187           3           4           3
         188           3           4           3
         189           3           4           3
         190           3           4           3
         191           3           4           3
         192           3           4           3
         193           3           4           3
         194           3           4           3
         195           3           4           3
         196           3           4           3
         197           3           4           3
         198           3           4           3
         199           3           4           3
         200          23           4           2

           1           2         103         102           1           2         101
           2           3         104         103           2           3         102           1
           3           4         105         104           3           4         103           2
           4           5         106         105           4           5         104           3
           5           6         107         106           5           6         105           4
           6           7         108         107           6           7         106           5
           7           8         109         108           7           8         107           6
           8           9         110         109           8           9         108           7
           9          10         111         110           9          10         109           8
          10          11         112         111          10          11         110           9
          11          12         113         112          11          12         111          10
          12          13         114         113          12          13         112          11
          13          14         115         114          13          14         113          12
          14          15         116         115          14          15         114          13
          15          16         117         116          15          16         115          14
          16          17         118         117          16          17         116          15
          17          18         119         118          17          18         117          16
          18          19         120         119          18          19         118          17
          19          20         121         120          19          20         119          18
          20          21         122         121          20          21         120          19
          21          22         123         122          21          22         121          20
          22          23         124         123          22          23         122          21
          23          24         125         124          23          24         123          22
          24          25         126         125          24          25         124          23
          25          26         127         126          25          26         125          24
          26          27         128         127          26          27         126          25
          27          28         129         128          27          28         127          26
          28          29         130         129          28          29         128          27
          29          30         131         130          29          30         129          28
          30          31         132         131          30          31         130          29
          31          32         133         132          31          32         131          30
          32          33         134         133          32          33         132          31
          33          34         135         134          33          34         133          32
          34          35         136         135          34          35         134          33
          35          36         137         136          35          36         135          34
          36          37         138         137          36          37         136          35
          37          38         139         138          37          38         137          36
          38          39         140         139          38          39         138          37
          39          40         141         140          39          40         139          38
          40          41         142         141          40          41         140          39
          41          42         143         142          41          42         141          40
          42          43         144         143          42          43         142          41
          43          44         145         144          43          44         143          42
          44          45         146         145          44          45         144          43
          45          46         147         146          45          46         145          44
          46          47         148         147          46          47         146          45
          47          48         149         148          47          48         147          46
          48          49         150         149          48          49         148          47
          49          50         151         150          49          50         149          48
          50          51         152         151          50          51         150          49
          51          52         153         152          51          52         151          50
          52          53         154         153          52          53         152          51
          53          54         155         154          53          54         153          52
          54          55         156         155          54          55         154          53
          55          56         157         156          55          56         155          54
          56          57         158         157          56          57         156          55
          57          58         159         158          57          58         157          56
          58          59         160         159          58          59         158          57
          59          60         161         160          59          60         159          58
          60          61         162         161          60          61         160          59
          61          62         163         162          61          62         161          60
          62          63         164         163          62          63         162          61
          63          64         165         164          63          64         163          62
          64          65         166         165          64          65         164          63
          65          66         167         166          65          66         165          64
          66          67         168         167          66          67         166          65
          67          68         169         168          67          68         167          66
          68          69         170         169          68          69         168          67
          69          70         171         170          69          70         169          68
          70          71         172         171          70          71         170          69
          71          72         173         172          71          72         171          70
          72          73         174         173          72          73         172          71
          73          74         175         174          73          74         173          72
          74          75         176         175          74          75         174          73
          75          76         177         176          75          76         175          74
          76          77         178         177          76          77         176          75
          77          78         179         178          77          78         177          76
          78          79         180         179          78          79         178          77
          79          80         181         180          79          80         179          78
          80          81         182         181          80          81         180          79
          81          82         183         182          81          82         181          80
          82          83         184         183          82          83         182          81
          83          84         185         184          83          84         183          82
          84          85         186         185          84          85         184          83
          85          86         187         186          85          86         185          84
          86          87         188         187          86          87         186          85
          87          88         189         188          87          88         187          86
          88          89         190         189          88          89         188          87
          89          90         191         190          89          90         189          88
          90          91         192         191          90          91         190          89
          91          92         193         192          91          92         191          90
          92          93         194         193          92          93         192          91
          93          94         195         194          93          94         193          92
          94          95         196         195          94          95         194          93
          95          96         197         196          95          96         195          94
          96          97         198         197          96          97         196          95
          97          98         199         198          97          98         197          96
          98          99         200         199          98          99         198          97
          99         100         201         200          99         100         199          98
         100         202         201         100         101         200          99
         101         102         103         204         203           1         102
         102         204         103         104         205         101           2         103
         103         205         104         105         206         102           3         104
         104         206         105         106         207         103           4         105
         105         207         106         107         208         104           5         106
         106         208         107         108         209         105           6         107
         107         209         108         109         210         106           7         108
         108         210         109         110         211         107           8         109
         109         211         110         111         212         108           9         110
         110         212         111         112         213         109          10         111
         111         213         112         113         214         110          11         112
         112         214         113         114         215         111          12         113
         113         215         114         115         216         112          13         114
         114         216         115         116         217         113          14         115
         115         217         116         117         218         114          15         116
         116         218         117         118         219         115          16         117
         117         219         118         119         220         116          17         118
         118         220         119         120         221         117          18         119
         119         221         120         121         222         118          19         120
         120         222         121         122         223         119          20         121
         121         223         122         123         224         120          21         122
         122         224         123         124         225         121          22         123
         123         225         124         125         226         122          23         124
         124         226         125         126         227         123          24         125
         125         227         126         127         228         124          25         126
         126         228         127         128         229         125          26         127
         127         229         128         129         230         126          27         128
         128         230         129         130         231         127          28         129
         129         231         130         131         232         128          29         130
         130         232         131         132         233         129          30         131
         131         233         132         133         234         130          31         132
         132         234         133         134         235         131          32         133
         133         235         134         135         236         132          33         134
         134         236         135         136         237         133          34         135
         135         237         136         137         238         134          35         136
         136         238         137         138         239         135          36         137
         137         239         138         139         240         136          37         138
         138         240         139         140         241         137          38         139
         139         241         140         141         242         138          39         140
         140         242         141         142         243         139          40         141
         141         243         142         143         244         140          41         142
         142         244         143         144         245         141          42         143
         143         245         144         145         246         142          43         144
         144         246         145         146         247         143          44         145
         145         247         146         147         248         144          45         146
         146         248         147         148         249         145          46         147
         147         249         148         149         250         146          47         148
         148         250         149         150         251         147          48         149
         149         251         150         151         252         148          49         150
         150         252         151         152         253         149          50         151
         151         253         152         153         254         150          51         152
         152         254         153         154         255         151          52         153
         153         255         154         155         256         152          53         154
         154         256         155         156         257         153          54         155
         155         257         156         157         258         154          55         156
         156         258         157         158         259         155          56         157
         157         259         158         159         260         156          57         158
         158         260         159         160         261         157          58         159
         159         261         160         161         262         158          59         160
         160         262         161         162         263         159          60         161
         161         263         162         163         264         160          61         162
         162         264         163         164         265         161          62         163
         163         265         164         165         266         162          63         164
         164         266         165         166         267         163          64         165
         165         267         166         167         268         164          65         166
         166         268         167         168         269         165          66         167
         167         269         168         169         270         166          67         168
         168         270         169         170         271         167          68         169
         169         271         170         171         272         168          69         170
         170         272         171         172         273         169          70         171
         171         273         172         173         274         170          71         172
         172         274         173         174         275         171          72         173
         173         275         174         175         276         172          73         174
         174         276         175         176         277         173          74         175
         175         277         176         177         278         174          75         176
         176         278         177         178         279         175          76         177
         177         279         178         179         280         176          77         178
         178         280         179         180         281         177          78         179
         179         281         180         181         282         178          79         180
         180         282         181         182         283         179          80         181
         181         283         182         183         284         180          81         182
         182         284         183         184         285         181          82         183
         183         285         184         185         286         182          83         184
         184         286         185         186         287         183          84         185
         185         287         186         187         288         184          85         186
         186         288         187         188         289         185          86         187
         187         289         188         189         290         186          87         188
         188         290         189         190         291         187          88         189
         189         291         190         191         292         188          89         190
         190         292         191         192         293         189          90         191
         191         293         192         193         294         190          91         192
         192         294         193         194         295         191          92         193
         193         295         194         195         296         192          93         194
         194         296         195         196         297         193          94         195
         195         297         196         197         298         194          95         196
         196         298         197         198         299         195          96         197
         197         299         198         199         300         196          97         198
         198         300         199         200         301         197          98         199
         199         301         200         201         302         198          99         200
         200         302         201         202         303         199         100
         204
           1
           2
           3
           4
           5
           6
           7
           8
           9
          10
          11
          12
          13
          14
          15
          16
          17
          18
          19
          20
          21
          22
          23
          24
          25
          26
          27
          28
          29
          30
          31
          32
          33
          34
          35
          36
          37
          38
          39
          40
          41
          42
          43
          44
          45
          46
          47
          48
          49
          50
          51
          52
          53
          54
          55
          56
          57
          58
          59
          60
          61
          62
          63
          64
          65
          66
          67
          68
          69
          70
          71
          72
          73
          74
          75
          76
          77
          78
          79
          80
          81
          82
          83
          84
          85
          86
          87
          88
          89
          90
          91
          92
          93
          94
          95
          96
          97
          98
          99
         100
         101
         202
         303
         302
         301
         300
         299
         298
         297
         296
         295
         294
         293
         292
         291
         290
         289
         288
         287
         286
         285
         284
         283
         282
         281
         280
         279
         278
         277
         276
         275
         274
         273
         272
         271
         270
         269
         268
         267
         266
         265
         264
         263
         262
         261
         260
         259
         258
         257
         256
         255
         254
         253
         252
         251
         250
         249
         248
         247
         246
         245
         244
         243
         242
         241
         240
         239
         238
         237
         236
         235
         234
         233
         232
         231
         230
         229
         228
         227
         226
         225
         224
         223
         222
         221
         220
         219
         218
         217
         216
         215
         214
         213
         212
         211
         210
         209
         208
         207
         206
         205
         204
         203
         102
          99
         103
         104
         105
         106
         107
         108
         109
         110
         111
         112
         113
         114
         115
         116
         117
         118
         119
         120
         121
         122
         123
         124
         125
         126
         127
         128
         129
         130
         131
         132
         133
         134
         135
         136
         137
         138
         139
         140
         141
         142
         143
         144
         145
         146
         147
         148
         149
         150
         151
         152
         153
         154
         155
         156
         157
         158
         159
         160
         161
         162
         163
         164
         165
         166
         167
         168
         169
         170
         171
         172
         173
         174
         175
         176
         177
         178
         179
         180
         181
         182
         183
         184
         185
         186
         187
         188
         189
         190
         191
         192
         193
         194
         195
         196
         197
         198
         199
         200
         201
         200
           1
           2
           3
           4
           5
           6
           7
           8
           9
          10
          11
          12
          13
          14
          15
          16
          17
          18
          19
          20
          21
          22
          23
          24
          25
          26
          27
          28
          29
          30
          31
          32
          33
          34
          35
          36
          37
          38
          39
          40
          41
          42
          43
          44
          45
          46
          47
          48
          49
          50
          51
          52
          53
          54
          55
          56
          57
          58
          59
          60
          61
          62
          63
          64
          65
          66
          67
          68
          69
          70
          71
          72
          73
          74
          75
          76
          77
          78
          79
          80
          81
          82
          83
          84
          85
          86
          87
          88
          89
          90
          91
          92
          93
          94
          95
          96
          97
          98
          99
         100
         200
         199
         198
         197
         196
         195
         194
         193
         192
         191
         190
         189
         188
         187
         186
         185
         184
         183
         182
         181
         180
         179
         178
         177
         176
         175
         174
         173
         172
         171
         170
         169
         168
         167
         166
         165
         164
         163
         162
         161
         160
         159
         158
         157
         156
         155
         154
         153
         152
         151
         150
         149
         148
         147
         146
         145
         144
         143
         142
         141
         140
         139
         138
         137
         136
         135
         134
         133
         132
         131
         130
         129
         128
         127
         126
         125
         124
         123
         122
         121
         120
         119
         118
         117
         116
         115
         114
         113
         112
         111
         110
         109
         108
         107
         106
         105
         104
         103
         102
         101
           0
